Table 3: Number of Circle Graphs

                n            cc,n           tc,n     c′c,n     t′c,n
                1             1               1         1         1
                2             1               2         1         2
                3             2               4         1         3
                4             6              11         2         6
                5            21              34         4        11
                6           110             154        10        25
                7           789             978        23        55
                8          8336            9497        81       157
                9       117,283         127,954       293       499
               10     2,026,331       2,165,291      1403      2059
               11    40,302,425      42,609,994      7968    10,543
               12   892,278,076     937,233,306    55,553    68,281
