elapsed 2.476443733999986
31 64 ratio 1.8161278949433828 AA 0.95949284438235 0.9988920797036136
32 64 ratio 0.8354351229301704 AA 1.0081612684719836 1.054321471419244
33 64 ratio 1.8440145408685922 AA 1.0054651429483419 0.9968601317514826
127 256 ratio 5.518699545328093 AA 1.0297638958170678 1.0280194675067336
128 256 ratio 0.9775777665804264 AA 1.0043711070836523 1.0134837173943154
129 256 ratio 5.307204560478307 AA 0.986101444288859 1.0698382289548336
511 64 ratio 5.711887415793663 AA 1.002790818745981 1.0035726686342699
512 64 ratio 0.9743367672159865 AA 1.0092501584191254 1.005728847813069
513 64 ratio 5.6269996913103135 AA 0.9964101260539673 0.9676074294761966
capacity 1 64 3.597099998842168e-05
capacity 16 256 0.000261012999999366
capacity 128 1024 0.0025024279998433485
capacity 128 16384 0.02650979100008044
