# Independently generated by the accompanying exact-integer program.
0 1
1 1
2 2
3 2
4 3
5 4
6 5
7 6
8 7
9 8
10 10
11 11
12 13
13 14
14 17
15 19
16 22
17 24
18 27
19 30
20 34
21 37
22 41
23 44
24 49
25 53
26 58
27 62
28 68
29 73
30 80
31 85
32 92
33 98
34 106
35 113
36 121
37 128
38 137
39 145
40 155
41 163
42 175
43 184
44 197
45 207
46 220
47 232
48 246
49 259
50 274
51 287
52 304
53 318
54 336
55 351
56 371
57 388
58 409
59 427
60 449
61 469
62 493
63 514
64 539
65 561
66 588
67 612
68 640
69 665
70 696
71 723
72 756
73 784
74 818
75 849
76 885
77 918
78 955
79 989
80 1029
81 1065
82 1107
83 1144
84 1190
85 1230
86 1278
87 1320
88 1369
89 1415
90 1467
91 1515
92 1569
93 1618
94 1676
95 1728
96 1788
97 1842
98 1906
99 1964
100 2031
101 2091
102 2160
103 2224
104 2297
105 2364
106 2439
107 2508
108 2587
109 2660
110 2742
111 2817
112 2904
113 2983
114 3074
115 3156
116 3249
117 3336
118 3433
119 3524
120 3624
121 3717
122 3822
123 3919
124 4028
125 4128
126 4243
127 4348
128 4467
129 4576
130 4698
131 4813
132 4941
133 5060
134 5192
135 5314
136 5452
137 5580
138 5722
139 5854
140 6003
141 6141
142 6296
143 6438
144 6597
145 6746
146 6912
147 7067
148 7237
149 7396
150 7573
151 7739
152 7922
153 8092
154 8283
155 8460
156 8658
157 8841
158 9043
159 9234
160 9444
161 9642
162 9858
163 10060
164 10284
165 10494
166 10725
167 10941
168 11181
169 11405
170 11653
171 11884
172 12138
173 12378
174 12642
175 12890
176 13161
177 13415
178 13695
179 13959
180 14247
181 14518
182 14817
183 15097
184 15406
185 15694
186 16010
187 16309
188 16636
189 16945
190 17280
191 17596
192 17942
193 18269
194 18625
195 18960
196 19328
197 19674
198 20053
199 20409
200 20796
201 21164
202 21564
203 21943
204 22353
205 22740
206 23162
207 23562
208 23995
209 24405
210 24852
211 25274
212 25734
213 26167
214 26637
215 27084
216 27569
217 28029
218 28525
219 28995
220 29505
221 29990
222 30513
223 31009
224 31548
225 32058
226 32612
227 33135
228 33700
229 34239
230 34821
231 35375
232 35970
233 36535
234 37146
235 37728
236 38354
237 38949
238 39592
239 40203
240 40863
241 41489
242 42162
243 42805
244 43497
245 44157
246 44864
247 45537
248 46261
249 46953
250 47694
251 48401
252 49162
253 49886
254 50666
255 51407
256 52202
257 52963
258 53779
259 54559
260 55392
261 56187
262 57040
263 57856
264 58729
265 59562
266 60457
267 61310
268 62226
269 63099
270 64032
271 64927
272 65884
273 66800
274 67777
275 68710
276 69709
277 70666
278 71687
279 72664
280 73709
281 74708
282 75777
283 76798
284 77887
285 78932
286 80047
287 81116
288 82253
289 83342
290 84503
291 85618
292 86804
293 87941
294 89155
295 90316
296 91556
297 92742
298 94004
299 95218
300 96509
