# Family C12, r=2; moments; exact independent determinants
0 1
1 1
2 2
3 6
4 16
5 43
6 119
7 330
8 917
9 2561
10 7180
11 20197
12 57007
13 161431
14 458548
15 1306366
16 3732238
17 10691494
18 30705398
19 88398111
20 255075939
21 737637047
22 2137535834
23 6206326031
24 18053510007
25 52608065239
26 153555956912
27 448917950846
28 1314370289102
29 3853767880715
30 11314595731101
31 33262027962234
32 97900957574315
33 288487988449503
34 851033721259064
35 2513166180831217
36 7428987551742311
37 21981227607306142
38 65098245234895761
39 192958509377137909
40 572425885772354832
41 1699493979134410748
42 5049522624821704428
43 15014037540680213195
44 44673308500613980645
45 133011715531804965287
46 396288290761016659420
47 1181411557061190218079
48 3524110245503749061977
49 10518317731253933405475
50 31411044084110110895522
51 93853180939241568827520
52 280567826519117642702606
53 839152946821265028194245
54 2511026547631025611937339
55 7517290314275468492568334
56 22514610859340374378550949
57 67461231589590858945547309
58 202220270677753179407125020
59 606414955488440236296079259
60 1819216466490004287684809473
61 5459625237539213282077652167
62 16390802873350759990491776154
63 49225682839360696548757288102
64 147887953493173337213907787324
