# Family C12, r=4; moments; exact independent determinants
0 1
1 1
2 2
3 8
4 32
5 133
6 569
7 2450
8 10569
9 45643
10 197206
11 852239
12 3683553
13 15922967
14 68837780
15 297627692
16 1286952726
17 5565372736
18 24069559992
19 104108020691
20 450341854621
21 1948240054801
22 8429166049420
23 36472764793693
24 157831849317681
25 683065625378647
26 2956459822916364
27 12797443896202488
28 55400810819869414
29 239855990482791409
30 1038547835134658995
31 4497217035850529062
32 19476123222572247911
33 84353366040823511945
34 365378903411734428754
35 1582798286825084552023
36 6857228637704291524425
37 29710676656714263526106
38 128741096877120731351581
39 557907896552336511174147
40 2417955710256079330132822
41 10480321122293040377256870
42 45429832441181396921247794
43 196946313405759770503494007
44 853875647344391509867624815
45 3702382827114904470032548165
46 16054907617094910888476796234
47 69626402755035377076416230921
48 301981005854430686570715136091
49 1309859395326910543323746096227
50 5682101301049712241720615104382
51 24650876156358658489890557962846
52 106953424557774689646841460625394
53 464083178144436733917348972549239
54 2013889334595259593812416836180021
55 8740048952463480129843544748303058
56 37934158806460040753628938488049065
57 164658903877881570553119237555089987
58 714789210385181726446431108718383250
59 3103191647089220007631851269308692709
60 13473389984966194650834701535259350951
61 58503610304852269375629272255344050795
62 254053853698445140745769870543630540526
63 1103331621551741792336833618705562607464
64 4792071911852702087401874533398222438460
