# Family C12, r=1; hankels; exact independent determinants
-1 1
0 1
1 1
2 -2
3 -5
4 -13
5 7
6 132
7 581
8 1330
9 -13966
10 -122311
11 -1042936
12 2797727
13 135147815
14 2670002343
15 20581002058
16 -571166874067
17 -32644949999851
18 -819953281612935
19 -4129694534090204
20 1963844924895197811
21 108835019156110174686
22 6071153687832397991518
23 -438210873526648745927025
24 -74437148300295788330261968
25 -9228653421842915881218287743
26 -22535803619419975709777577743
27 253297395653567459542249386278961
28 51858767390798669122889281771975790
29 8803249028645937851369597388494799659
30 -3218228054444408406480583251010615729501
31 -1464914057765382075329340845026999466403001
32 -728931254945417355210804216716542158762282508
