# Family C12, r=3; hankels; exact independent determinants
-1 1
0 1
1 1
2 -6
3 -49
4 -205
5 -1
6 84864
7 2411449
8 22106056
9 -3362603516
10 -851877841365
11 -98602528644784
12 4990191345652661
13 10032302780186416541
14 8429665856353013684229
15 1674837052295479403000746
16 -4445304806417328489010691765
17 -20580228678796568589825452909321
18 -74329862741583386231158694384899701
19 132530322456020880623825142996271389104
20 2073663578951561251949363704201731304434701
21 40187537483276756886794824901672320768219268384
22 329724851995863803448788565112518465967505551559820
23 -15206671981587395415307968763151377702583906462274243209
24 -795192005720724959365887533931640579324751447975729866854944
25 -74559189806077787768899065007667207027945806938564081772746359159
26 3136334765194439696402393545352632943656946370055486366089580703419929
27 1043180968888456063575259779381148737739537881366990627092664346417632615401
28 286598923393125733360520047987291860163838149535215783069625551559767644308053850
29 84668910629591614741326067133944797202572194641603814522189677109358354923798964474599
30 -84205647872483588990915691266704503081832320184704434516112093304779197477458823275647601701
31 -66930837238503176527121277276554526578390878107904655987598418436574678610378443844906395978075401
32 -100666136881833103860878094454708574631814576520403329853977756838040474951367056673877785425656824277344
