# Family C12, r=0; moments; exact independent determinants
0 1
1 1
2 2
3 4
4 8
5 17
6 37
7 82
8 185
9 423
10 978
11 2283
12 5373
13 12735
14 30372
15 72832
16 175502
17 424748
18 1032004
19 2516347
20 6155441
21 15101701
22 37150472
23 91618049
24 226460893
25 560954047
26 1392251012
27 3461824644
28 8622571758
29 21511212261
30 53745962199
31 134474581374
32 336908488839
33 845139060165
34 2122553644686
35 5336735929371
36 13432403613621
37 33843022209066
38 85349327734485
39 215440028338359
40 544288586926914
41 1376230297675914
42 3482537223611046
43 8819175375714063
44 22349794473772659
45 56678600914995057
46 143830921235537742
47 365225623668676437
48 927972354829010775
49 2359192024476568203
50 6001174121892988758
51 15273713134056377698
52 38893747432145085266
53 99090832134641995427
54 252579381177903040849
55 644118340220292169786
56 1643348924746923013481
57 4194532932723720267271
58 10710773165730370402070
59 27361217667381195152609
60 69923263927774760117419
61 178761583832906815958299
62 457180542019634361749654
63 1169653910683020997823700
64 2993493968182857335738916
