0 0 0 0 0 0
1 2 0 0 0 0
3 6 0 0 0 0
7 14 0 0 0 0
8 16 0 0 0 0
9 18 0 0 0 0
11 22 0 0 0 0
15 30 0 0 0 0
17 2 1 0 0 0
18 4 1 0 0 0
19 6 1 0 0 0
22 12 1 0 0 0
23 14 1 0 0 0
24 16 1 0 0 0
25 18 1 0 0 0
26 20 1 0 0 0
27 22 1 0 0 0
30 28 1 0 0 0
31 30 1 0 0 0
34 4 4 0 0 0
35 6 4 0 0 0
36 8 4 0 0 0
37 10 4 0 0 0
38 12 4 0 0 0
39 14 4 0 0 0
40 16 4 0 0 0
41 18 4 0 0 0
42 20 4 0 0 0
43 22 4 0 0 0
44 24 4 0 0 0
45 26 4 0 0 0
46 28 4 0 0 0
47 30 4 0 0 0
51 6 5 0 0 0
53 10 5 0 0 0
54 12 5 0 0 0
55 14 5 0 0 0
56 16 5 0 0 0
57 18 5 0 0 0
58 20 5 0 0 0
59 22 5 0 0 0
60 24 5 0 0 0
61 26 5 0 0 0
62 28 5 0 0 0
63 30 5 0 0 0
102 12 12 0 0 0
103 14 12 0 0 0
104 16 12 0 0 0
105 18 12 0 0 0
106 20 12 0 0 0
107 22 12 0 0 0
110 28 12 0 0 0
111 30 12 0 0 0
119 14 13 0 0 0
120 16 13 0 0 0
121 18 13 0 0 0
122 20 13 0 0 0
123 22 13 0 0 0
126 28 13 0 0 0
127 30 13 0 0 0
136 16 16 0 0 0
137 18 16 0 0 0
138 20 16 0 0 0
139 22 16 0 0 0
142 28 16 0 0 0
143 30 16 0 0 0
153 18 17 0 0 0
154 20 17 0 0 0
155 22 17 0 0 0
158 28 17 0 0 0
159 30 17 0 0 0
170 20 20 0 0 0
171 22 20 0 0 0
172 24 20 0 0 0
173 26 20 0 0 0
174 28 20 0 0 0
175 30 20 0 0 0
187 22 21 0 0 0
189 26 21 0 0 0
190 28 21 0 0 0
191 30 21 0 0 0
238 28 28 0 0 0
239 30 28 0 0 0
255 30 29 0 0 0
273 2 1 1 0 0
275 6 1 1 0 0
276 8 1 1 0 0
277 10 1 1 0 0
279 14 1 1 0 0
280 16 1 1 0 0
281 18 1 1 0 0
283 22 1 1 0 0
284 24 1 1 0 0
285 26 1 1 0 0
287 30 1 1 0 0
289 2 4 1 0 0
291 6 4 1 0 0
292 8 4 1 0 0
293 10 4 1 0 0
294 12 4 1 0 0
295 14 4 1 0 0
296 16 4 1 0 0
297 18 4 1 0 0
298 20 4 1 0 0
299 22 4 1 0 0
300 24 4 1 0 0
301 26 4 1 0 0
302 28 4 1 0 0
303 30 4 1 0 0
306 4 5 1 0 0
307 6 5 1 0 0
308 8 5 1 0 0
309 10 5 1 0 0
310 12 5 1 0 0
311 14 5 1 0 0
312 16 5 1 0 0
313 18 5 1 0 0
314 20 5 1 0 0
315 22 5 1 0 0
316 24 5 1 0 0
317 26 5 1 0 0
318 28 5 1 0 0
319 30 5 1 0 0
322 4 8 1 0 0
323 6 8 1 0 0
324 8 8 1 0 0
325 10 8 1 0 0
326 12 8 1 0 0
327 14 8 1 0 0
328 16 8 1 0 0
329 18 8 1 0 0
330 20 8 1 0 0
331 22 8 1 0 0
332 24 8 1 0 0
333 26 8 1 0 0
334 28 8 1 0 0
335 30 8 1 0 0
338 4 9 1 0 0
339 6 9 1 0 0
340 8 9 1 0 0
341 10 9 1 0 0
342 12 9 1 0 0
343 14 9 1 0 0
344 16 9 1 0 0
345 18 9 1 0 0
346 20 9 1 0 0
347 22 9 1 0 0
348 24 9 1 0 0
349 26 9 1 0 0
350 28 9 1 0 0
351 30 9 1 0 0
355 6 12 1 0 0
356 8 12 1 0 0
357 10 12 1 0 0
358 12 12 1 0 0
359 14 12 1 0 0
360 16 12 1 0 0
361 18 12 1 0 0
362 20 12 1 0 0
363 22 12 1 0 0
364 24 12 1 0 0
365 26 12 1 0 0
366 28 12 1 0 0
367 30 12 1 0 0
370 4 13 1 0 0
371 6 13 1 0 0
372 8 13 1 0 0
373 10 13 1 0 0
374 12 13 1 0 0
375 14 13 1 0 0
376 16 13 1 0 0
377 18 13 1 0 0
378 20 13 1 0 0
379 22 13 1 0 0
380 24 13 1 0 0
381 26 13 1 0 0
382 28 13 1 0 0
383 30 13 1 0 0
386 4 16 1 0 0
387 6 16 1 0 0
388 8 16 1 0 0
389 10 16 1 0 0
390 12 16 1 0 0
391 14 16 1 0 0
392 16 16 1 0 0
393 18 16 1 0 0
394 20 16 1 0 0
395 22 16 1 0 0
396 24 16 1 0 0
397 26 16 1 0 0
398 28 16 1 0 0
399 30 16 1 0 0
402 4 17 1 0 0
403 6 17 1 0 0
404 8 17 1 0 0
405 10 17 1 0 0
406 12 17 1 0 0
407 14 17 1 0 0
408 16 17 1 0 0
409 18 17 1 0 0
410 20 17 1 0 0
411 22 17 1 0 0
412 24 17 1 0 0
413 26 17 1 0 0
414 28 17 1 0 0
415 30 17 1 0 0
419 6 20 1 0 0
420 8 20 1 0 0
421 10 20 1 0 0
422 12 20 1 0 0
423 14 20 1 0 0
424 16 20 1 0 0
425 18 20 1 0 0
426 20 20 1 0 0
427 22 20 1 0 0
428 24 20 1 0 0
429 26 20 1 0 0
430 28 20 1 0 0
431 30 20 1 0 0
434 4 21 1 0 0
435 6 21 1 0 0
436 8 21 1 0 0
437 10 21 1 0 0
438 12 21 1 0 0
439 14 21 1 0 0
440 16 21 1 0 0
441 18 21 1 0 0
442 20 21 1 0 0
443 22 21 1 0 0
444 24 21 1 0 0
445 26 21 1 0 0
446 28 21 1 0 0
447 30 21 1 0 0
450 4 24 1 0 0
451 6 24 1 0 0
452 8 24 1 0 0
453 10 24 1 0 0
454 12 24 1 0 0
455 14 24 1 0 0
456 16 24 1 0 0
457 18 24 1 0 0
458 20 24 1 0 0
459 22 24 1 0 0
460 24 24 1 0 0
461 26 24 1 0 0
462 28 24 1 0 0
463 30 24 1 0 0
466 4 25 1 0 0
467 6 25 1 0 0
468 8 25 1 0 0
469 10 25 1 0 0
470 12 25 1 0 0
471 14 25 1 0 0
472 16 25 1 0 0
473 18 25 1 0 0
474 20 25 1 0 0
475 22 25 1 0 0
476 24 25 1 0 0
477 26 25 1 0 0
478 28 25 1 0 0
479 30 25 1 0 0
483 6 28 1 0 0
484 8 28 1 0 0
485 10 28 1 0 0
486 12 28 1 0 0
487 14 28 1 0 0
488 16 28 1 0 0
489 18 28 1 0 0
490 20 28 1 0 0
491 22 28 1 0 0
492 24 28 1 0 0
493 26 28 1 0 0
494 28 28 1 0 0
495 30 28 1 0 0
498 4 29 1 0 0
499 6 29 1 0 0
500 8 29 1 0 0
501 10 29 1 0 0
502 12 29 1 0 0
503 14 29 1 0 0
504 16 29 1 0 0
505 18 29 1 0 0
506 20 29 1 0 0
507 22 29 1 0 0
508 24 29 1 0 0
509 26 29 1 0 0
510 28 29 1 0 0
511 30 29 1 0 0
819 6 5 3 0 0
820 8 5 3 0 0
821 10 5 3 0 0
823 14 5 3 0 0
824 16 5 3 0 0
825 18 5 3 0 0
827 22 5 3 0 0
828 24 5 3 0 0
829 26 5 3 0 0
831 30 5 3 0 0
836 8 8 3 0 0
837 10 8 3 0 0
838 12 8 3 0 0
839 14 8 3 0 0
840 16 8 3 0 0
841 18 8 3 0 0
842 20 8 3 0 0
843 22 8 3 0 0
844 24 8 3 0 0
845 26 8 3 0 0
846 28 8 3 0 0
847 30 8 3 0 0
853 10 9 3 0 0
854 12 9 3 0 0
855 14 9 3 0 0
856 16 9 3 0 0
857 18 9 3 0 0
858 20 9 3 0 0
859 22 9 3 0 0
860 24 9 3 0 0
861 26 9 3 0 0
862 28 9 3 0 0
863 30 9 3 0 0
870 12 12 3 0 0
871 14 12 3 0 0
872 16 12 3 0 0
873 18 12 3 0 0
874 20 12 3 0 0
875 22 12 3 0 0
876 24 12 3 0 0
877 26 12 3 0 0
878 28 12 3 0 0
879 30 12 3 0 0
887 14 13 3 0 0
888 16 13 3 0 0
889 18 13 3 0 0
890 20 13 3 0 0
891 22 13 3 0 0
892 24 13 3 0 0
893 26 13 3 0 0
894 28 13 3 0 0
895 30 13 3 0 0
904 16 16 3 0 0
905 18 16 3 0 0
906 20 16 3 0 0
907 22 16 3 0 0
908 24 16 3 0 0
909 26 16 3 0 0
910 28 16 3 0 0
911 30 16 3 0 0
921 18 17 3 0 0
922 20 17 3 0 0
923 22 17 3 0 0
924 24 17 3 0 0
925 26 17 3 0 0
926 28 17 3 0 0
927 30 17 3 0 0
938 20 20 3 0 0
939 22 20 3 0 0
940 24 20 3 0 0
941 26 20 3 0 0
942 28 20 3 0 0
943 30 20 3 0 0
955 22 21 3 0 0
956 24 21 3 0 0
957 26 21 3 0 0
958 28 21 3 0 0
959 30 21 3 0 0
972 24 24 3 0 0
973 26 24 3 0 0
974 28 24 3 0 0
975 30 24 3 0 0
989 26 25 3 0 0
990 28 25 3 0 0
991 30 25 3 0 0
1006 28 28 3 0 0
1007 30 28 3 0 0
1023 30 29 3 0 0
1092 8 8 8 0 0
1093 10 8 8 0 0
1095 14 8 8 0 0
1096 16 8 8 0 0
1097 18 8 8 0 0
1099 22 8 8 0 0
1100 24 8 8 0 0
1101 26 8 8 0 0
1103 30 8 8 0 0
1109 10 9 8 0 0
1110 12 9 8 0 0
1111 14 9 8 0 0
1112 16 9 8 0 0
1113 18 9 8 0 0
1114 20 9 8 0 0
1115 22 9 8 0 0
1116 24 9 8 0 0
1117 26 9 8 0 0
1118 28 9 8 0 0
1119 30 9 8 0 0
1126 12 12 8 0 0
1127 14 12 8 0 0
1128 16 12 8 0 0
1129 18 12 8 0 0
1130 20 12 8 0 0
1131 22 12 8 0 0
1132 24 12 8 0 0
1133 26 12 8 0 0
1134 28 12 8 0 0
1135 30 12 8 0 0
1143 14 13 8 0 0
1144 16 13 8 0 0
1145 18 13 8 0 0
1146 20 13 8 0 0
1147 22 13 8 0 0
1148 24 13 8 0 0
1149 26 13 8 0 0
1150 28 13 8 0 0
1151 30 13 8 0 0
1160 16 16 8 0 0
1161 18 16 8 0 0
1162 20 16 8 0 0
1163 22 16 8 0 0
1164 24 16 8 0 0
1165 26 16 8 0 0
1166 28 16 8 0 0
1167 30 16 8 0 0
1177 18 17 8 0 0
1178 20 17 8 0 0
1179 22 17 8 0 0
1180 24 17 8 0 0
1181 26 17 8 0 0
1182 28 17 8 0 0
1183 30 17 8 0 0
1194 20 20 8 0 0
1195 22 20 8 0 0
1196 24 20 8 0 0
1197 26 20 8 0 0
1198 28 20 8 0 0
1199 30 20 8 0 0
1211 22 21 8 0 0
1212 24 21 8 0 0
1213 26 21 8 0 0
1214 28 21 8 0 0
1215 30 21 8 0 0
1228 24 24 8 0 0
1229 26 24 8 0 0
1230 28 24 8 0 0
1231 30 24 8 0 0
1245 26 25 8 0 0
1246 28 25 8 0 0
1247 30 25 8 0 0
1262 28 28 8 0 0
1263 30 28 8 0 0
1279 30 29 8 0 0
1365 10 9 9 0 0
1367 14 9 9 0 0
1368 16 9 9 0 0
1369 18 9 9 0 0
1371 22 9 9 0 0
1372 24 9 9 0 0
1373 26 9 9 0 0
1375 30 9 9 0 0
1381 10 12 9 0 0
1383 14 12 9 0 0
1384 16 12 9 0 0
1385 18 12 9 0 0
1386 20 12 9 0 0
1387 22 12 9 0 0
1388 24 12 9 0 0
1389 26 12 9 0 0
1390 28 12 9 0 0
1391 30 12 9 0 0
1398 12 13 9 0 0
1399 14 13 9 0 0
1400 16 13 9 0 0
1401 18 13 9 0 0
1402 20 13 9 0 0
1403 22 13 9 0 0
1404 24 13 9 0 0
1405 26 13 9 0 0
1406 28 13 9 0 0
1407 30 13 9 0 0
1414 12 16 9 0 0
1415 14 16 9 0 0
1416 16 16 9 0 0
1417 18 16 9 0 0
1418 20 16 9 0 0
1419 22 16 9 0 0
1420 24 16 9 0 0
1421 26 16 9 0 0
1422 28 16 9 0 0
1423 30 16 9 0 0
1430 12 17 9 0 0
1431 14 17 9 0 0
1432 16 17 9 0 0
1433 18 17 9 0 0
1434 20 17 9 0 0
1435 22 17 9 0 0
1436 24 17 9 0 0
1437 26 17 9 0 0
1438 28 17 9 0 0
1439 30 17 9 0 0
1447 14 20 9 0 0
1448 16 20 9 0 0
1449 18 20 9 0 0
1450 20 20 9 0 0
1451 22 20 9 0 0
1452 24 20 9 0 0
1453 26 20 9 0 0
1454 28 20 9 0 0
1455 30 20 9 0 0
1462 12 21 9 0 0
1463 14 21 9 0 0
1464 16 21 9 0 0
1465 18 21 9 0 0
1466 20 21 9 0 0
1467 22 21 9 0 0
1468 24 21 9 0 0
1469 26 21 9 0 0
1470 28 21 9 0 0
1471 30 21 9 0 0
1478 12 24 9 0 0
1479 14 24 9 0 0
1480 16 24 9 0 0
1481 18 24 9 0 0
1482 20 24 9 0 0
1483 22 24 9 0 0
1484 24 24 9 0 0
1485 26 24 9 0 0
1486 28 24 9 0 0
1487 30 24 9 0 0
1494 12 25 9 0 0
1495 14 25 9 0 0
1496 16 25 9 0 0
1497 18 25 9 0 0
1498 20 25 9 0 0
1499 22 25 9 0 0
1500 24 25 9 0 0
1501 26 25 9 0 0
1502 28 25 9 0 0
1503 30 25 9 0 0
1511 14 28 9 0 0
1512 16 28 9 0 0
1513 18 28 9 0 0
1514 20 28 9 0 0
1515 22 28 9 0 0
1516 24 28 9 0 0
1517 26 28 9 0 0
1518 28 28 9 0 0
1519 30 28 9 0 0
1526 12 29 9 0 0
1527 14 29 9 0 0
1528 16 29 9 0 0
1529 18 29 9 0 0
1530 20 29 9 0 0
1531 22 29 9 0 0
1532 24 29 9 0 0
1533 26 29 9 0 0
1534 28 29 9 0 0
1535 30 29 9 0 0
1911 14 13 11 0 0
1912 16 13 11 0 0
1913 18 13 11 0 0
1915 22 13 11 0 0
1916 24 13 11 0 0
1917 26 13 11 0 0
1919 30 13 11 0 0
1928 16 16 11 0 0
1929 18 16 11 0 0
1930 20 16 11 0 0
1931 22 16 11 0 0
1932 24 16 11 0 0
1933 26 16 11 0 0
1934 28 16 11 0 0
1935 30 16 11 0 0
1945 18 17 11 0 0
1946 20 17 11 0 0
1947 22 17 11 0 0
1948 24 17 11 0 0
1949 26 17 11 0 0
1950 28 17 11 0 0
1951 30 17 11 0 0
1962 20 20 11 0 0
1963 22 20 11 0 0
1964 24 20 11 0 0
1965 26 20 11 0 0
1966 28 20 11 0 0
1967 30 20 11 0 0
1979 22 21 11 0 0
1980 24 21 11 0 0
1981 26 21 11 0 0
1982 28 21 11 0 0
1983 30 21 11 0 0
1996 24 24 11 0 0
1997 26 24 11 0 0
1998 28 24 11 0 0
1999 30 24 11 0 0
2013 26 25 11 0 0
2014 28 25 11 0 0
2015 30 25 11 0 0
2030 28 28 11 0 0
2031 30 28 11 0 0
2047 30 29 11 0 0
2184 16 16 16 0 0
2185 18 16 16 0 0
2187 22 16 16 0 0
2188 24 16 16 0 0
2189 26 16 16 0 0
2191 30 16 16 0 0
2201 18 17 16 0 0
2202 20 17 16 0 0
2203 22 17 16 0 0
2204 24 17 16 0 0
2205 26 17 16 0 0
2206 28 17 16 0 0
2207 30 17 16 0 0
2218 20 20 16 0 0
2219 22 20 16 0 0
2220 24 20 16 0 0
2221 26 20 16 0 0
2222 28 20 16 0 0
2223 30 20 16 0 0
2235 22 21 16 0 0
2236 24 21 16 0 0
2237 26 21 16 0 0
2238 28 21 16 0 0
2239 30 21 16 0 0
2252 24 24 16 0 0
2253 26 24 16 0 0
2254 28 24 16 0 0
2255 30 24 16 0 0
2269 26 25 16 0 0
2270 28 25 16 0 0
2271 30 25 16 0 0
2286 28 28 16 0 0
2287 30 28 16 0 0
2303 30 29 16 0 0
2457 18 17 17 0 0
2459 22 17 17 0 0
2460 24 17 17 0 0
2461 26 17 17 0 0
2463 30 17 17 0 0
2473 18 20 17 0 0
2475 22 20 17 0 0
2476 24 20 17 0 0
2477 26 20 17 0 0
2478 28 20 17 0 0
2479 30 20 17 0 0
2490 20 21 17 0 0
2491 22 21 17 0 0
2492 24 21 17 0 0
2493 26 21 17 0 0
2494 28 21 17 0 0
2495 30 21 17 0 0
2506 20 24 17 0 0
2507 22 24 17 0 0
2508 24 24 17 0 0
2509 26 24 17 0 0
2510 28 24 17 0 0
2511 30 24 17 0 0
2522 20 25 17 0 0
2523 22 25 17 0 0
2524 24 25 17 0 0
2525 26 25 17 0 0
2526 28 25 17 0 0
2527 30 25 17 0 0
2539 22 28 17 0 0
2540 24 28 17 0 0
2541 26 28 17 0 0
2542 28 28 17 0 0
2543 30 28 17 0 0
2554 20 29 17 0 0
2555 22 29 17 0 0
2556 24 29 17 0 0
2557 26 29 17 0 0
2558 28 29 17 0 0
2559 30 29 17 0 0
3003 22 21 19 0 0
3004 24 21 19 0 0
3005 26 21 19 0 0
3007 30 21 19 0 0
3020 24 24 19 0 0
3021 26 24 19 0 0
3022 28 24 19 0 0
3023 30 24 19 0 0
3037 26 25 19 0 0
3038 28 25 19 0 0
3039 30 25 19 0 0
3054 28 28 19 0 0
3055 30 28 19 0 0
3071 30 29 19 0 0
3276 24 24 24 0 0
3277 26 24 24 0 0
3279 30 24 24 0 0
3293 26 25 24 0 0
3294 28 25 24 0 0
3295 30 25 24 0 0
3310 28 28 24 0 0
3311 30 28 24 0 0
3327 30 29 24 0 0
3549 26 25 25 0 0
3551 30 25 25 0 0
3565 26 28 25 0 0
3567 30 28 25 0 0
3582 28 29 25 0 0
3583 30 29 25 0 0
4095 30 29 27 0 0
4369 2 1 1 1 0
4371 6 1 1 1 0
4375 14 1 1 1 0
4376 16 1 1 1 0
4377 18 1 1 1 0
4379 22 1 1 1 0
4383 30 1 1 1 0
4385 2 4 1 1 0
4386 4 4 1 1 0
4387 6 4 1 1 0
4388 8 4 1 1 0
4389 10 4 1 1 0
4390 12 4 1 1 0
4391 14 4 1 1 0
4392 16 4 1 1 0
4393 18 4 1 1 0
4394 20 4 1 1 0
4395 22 4 1 1 0
4396 24 4 1 1 0
4397 26 4 1 1 0
4398 28 4 1 1 0
4399 30 4 1 1 0
4401 2 5 1 1 0
4402 4 5 1 1 0
4403 6 5 1 1 0
4404 8 5 1 1 0
4405 10 5 1 1 0
4406 12 5 1 1 0
4407 14 5 1 1 0
4408 16 5 1 1 0
4409 18 5 1 1 0
4410 20 5 1 1 0
4411 22 5 1 1 0
4412 24 5 1 1 0
4413 26 5 1 1 0
4414 28 5 1 1 0
4415 30 5 1 1 0
4449 2 12 1 1 0
4450 4 12 1 1 0
4451 6 12 1 1 0
4454 12 12 1 1 0
4455 14 12 1 1 0
4456 16 12 1 1 0
4457 18 12 1 1 0
4458 20 12 1 1 0
4459 22 12 1 1 0
4462 28 12 1 1 0
4463 30 12 1 1 0
4465 2 13 1 1 0
4466 4 13 1 1 0
4467 6 13 1 1 0
4470 12 13 1 1 0
4471 14 13 1 1 0
4472 16 13 1 1 0
4473 18 13 1 1 0
4474 20 13 1 1 0
4475 22 13 1 1 0
4478 28 13 1 1 0
4479 30 13 1 1 0
4481 2 16 1 1 0
4482 4 16 1 1 0
4483 6 16 1 1 0
4486 12 16 1 1 0
4487 14 16 1 1 0
4488 16 16 1 1 0
4489 18 16 1 1 0
4490 20 16 1 1 0
4491 22 16 1 1 0
4494 28 16 1 1 0
4495 30 16 1 1 0
4497 2 17 1 1 0
4498 4 17 1 1 0
4499 6 17 1 1 0
4502 12 17 1 1 0
4503 14 17 1 1 0
4504 16 17 1 1 0
4505 18 17 1 1 0
4506 20 17 1 1 0
4507 22 17 1 1 0
4510 28 17 1 1 0
4511 30 17 1 1 0
4513 2 20 1 1 0
4514 4 20 1 1 0
4515 6 20 1 1 0
4516 8 20 1 1 0
4517 10 20 1 1 0
4518 12 20 1 1 0
4519 14 20 1 1 0
4520 16 20 1 1 0
4521 18 20 1 1 0
4522 20 20 1 1 0
4523 22 20 1 1 0
4524 24 20 1 1 0
4525 26 20 1 1 0
4526 28 20 1 1 0
4527 30 20 1 1 0
4529 2 21 1 1 0
4530 4 21 1 1 0
4531 6 21 1 1 0
4532 8 21 1 1 0
4533 10 21 1 1 0
4534 12 21 1 1 0
4535 14 21 1 1 0
4536 16 21 1 1 0
4537 18 21 1 1 0
4538 20 21 1 1 0
4539 22 21 1 1 0
4540 24 21 1 1 0
4541 26 21 1 1 0
4542 28 21 1 1 0
4543 30 21 1 1 0
4577 2 28 1 1 0
4578 4 28 1 1 0
4579 6 28 1 1 0
4582 12 28 1 1 0
4583 14 28 1 1 0
4584 16 28 1 1 0
4585 18 28 1 1 0
4586 20 28 1 1 0
4587 22 28 1 1 0
4590 28 28 1 1 0
4591 30 28 1 1 0
4593 2 29 1 1 0
4594 4 29 1 1 0
4595 6 29 1 1 0
4598 12 29 1 1 0
4599 14 29 1 1 0
4600 16 29 1 1 0
4601 18 29 1 1 0
4602 20 29 1 1 0
4603 22 29 1 1 0
4606 28 29 1 1 0
4607 30 29 1 1 0
4643 6 4 2 1 0
4644 8 4 2 1 0
4645 10 4 2 1 0
4647 14 4 2 1 0
4648 16 4 2 1 0
4649 18 4 2 1 0
4651 22 4 2 1 0
4652 24 4 2 1 0
4653 26 4 2 1 0
4655 30 4 2 1 0
4658 4 5 2 1 0
4659 6 5 2 1 0
4661 10 5 2 1 0
4662 12 5 2 1 0
4663 14 5 2 1 0
4664 16 5 2 1 0
4665 18 5 2 1 0
4666 20 5 2 1 0
4667 22 5 2 1 0
4668 24 5 2 1 0
4669 26 5 2 1 0
4670 28 5 2 1 0
4671 30 5 2 1 0
4674 4 8 2 1 0
4675 6 8 2 1 0
4678 12 8 2 1 0
4679 14 8 2 1 0
4680 16 8 2 1 0
4681 18 8 2 1 0
4682 20 8 2 1 0
4683 22 8 2 1 0
4684 24 8 2 1 0
4685 26 8 2 1 0
4686 28 8 2 1 0
4687 30 8 2 1 0
4691 6 9 2 1 0
4694 12 9 2 1 0
4695 14 9 2 1 0
4696 16 9 2 1 0
4697 18 9 2 1 0
4698 20 9 2 1 0
4699 22 9 2 1 0
4700 24 9 2 1 0
4701 26 9 2 1 0
4702 28 9 2 1 0
4703 30 9 2 1 0
4710 12 12 2 1 0
4711 14 12 2 1 0
4712 16 12 2 1 0
4713 18 12 2 1 0
4714 20 12 2 1 0
4715 22 12 2 1 0
4716 24 12 2 1 0
4717 26 12 2 1 0
4718 28 12 2 1 0
4719 30 12 2 1 0
4727 14 13 2 1 0
4728 16 13 2 1 0
4729 18 13 2 1 0
4730 20 13 2 1 0
4731 22 13 2 1 0
4732 24 13 2 1 0
4733 26 13 2 1 0
4734 28 13 2 1 0
4735 30 13 2 1 0
4744 16 16 2 1 0
4745 18 16 2 1 0
4746 20 16 2 1 0
4747 22 16 2 1 0
4748 24 16 2 1 0
4749 26 16 2 1 0
4750 28 16 2 1 0
4751 30 16 2 1 0
4761 18 17 2 1 0
4762 20 17 2 1 0
4763 22 17 2 1 0
4764 24 17 2 1 0
4765 26 17 2 1 0
4766 28 17 2 1 0
4767 30 17 2 1 0
4778 20 20 2 1 0
4779 22 20 2 1 0
4780 24 20 2 1 0
4781 26 20 2 1 0
4782 28 20 2 1 0
4783 30 20 2 1 0
4794 20 21 2 1 0
4795 22 21 2 1 0
4797 26 21 2 1 0
4798 28 21 2 1 0
4799 30 21 2 1 0
4810 20 24 2 1 0
4811 22 24 2 1 0
4814 28 24 2 1 0
4815 30 24 2 1 0
4827 22 25 2 1 0
4830 28 25 2 1 0
4831 30 25 2 1 0
4846 28 28 2 1 0
4847 30 28 2 1 0
4863 30 29 2 1 0
4913 2 5 3 1 0
4915 6 5 3 1 0
4916 8 5 3 1 0
4917 10 5 3 1 0
4919 14 5 3 1 0
4920 16 5 3 1 0
4921 18 5 3 1 0
4923 22 5 3 1 0
4924 24 5 3 1 0
4925 26 5 3 1 0
4927 30 5 3 1 0
4929 2 8 3 1 0
4931 6 8 3 1 0
4933 10 8 3 1 0
4934 12 8 3 1 0
4935 14 8 3 1 0
4936 16 8 3 1 0
4937 18 8 3 1 0
4938 20 8 3 1 0
4939 22 8 3 1 0
4940 24 8 3 1 0
4941 26 8 3 1 0
4942 28 8 3 1 0
4943 30 8 3 1 0
4945 2 9 3 1 0
4946 4 9 3 1 0
4947 6 9 3 1 0
4948 8 9 3 1 0
4949 10 9 3 1 0
4950 12 9 3 1 0
4951 14 9 3 1 0
4952 16 9 3 1 0
4953 18 9 3 1 0
4954 20 9 3 1 0
4955 22 9 3 1 0
4956 24 9 3 1 0
4957 26 9 3 1 0
4958 28 9 3 1 0
4959 30 9 3 1 0
4961 2 12 3 1 0
4963 6 12 3 1 0
4964 8 12 3 1 0
4965 10 12 3 1 0
4966 12 12 3 1 0
4967 14 12 3 1 0
4968 16 12 3 1 0
4969 18 12 3 1 0
4970 20 12 3 1 0
4971 22 12 3 1 0
4972 24 12 3 1 0
4973 26 12 3 1 0
4974 28 12 3 1 0
4975 30 12 3 1 0
4977 2 13 3 1 0
4978 4 13 3 1 0
4979 6 13 3 1 0
4980 8 13 3 1 0
4981 10 13 3 1 0
4982 12 13 3 1 0
4983 14 13 3 1 0
4984 16 13 3 1 0
4985 18 13 3 1 0
4986 20 13 3 1 0
4987 22 13 3 1 0
4988 24 13 3 1 0
4989 26 13 3 1 0
4990 28 13 3 1 0
4991 30 13 3 1 0
4993 2 16 3 1 0
4994 4 16 3 1 0
4995 6 16 3 1 0
4996 8 16 3 1 0
4997 10 16 3 1 0
4998 12 16 3 1 0
4999 14 16 3 1 0
5000 16 16 3 1 0
5001 18 16 3 1 0
5002 20 16 3 1 0
5003 22 16 3 1 0
5004 24 16 3 1 0
5005 26 16 3 1 0
5006 28 16 3 1 0
5007 30 16 3 1 0
5009 2 17 3 1 0
5010 4 17 3 1 0
5011 6 17 3 1 0
5012 8 17 3 1 0
5013 10 17 3 1 0
5014 12 17 3 1 0
5015 14 17 3 1 0
5016 16 17 3 1 0
5017 18 17 3 1 0
5018 20 17 3 1 0
5019 22 17 3 1 0
5020 24 17 3 1 0
5021 26 17 3 1 0
5022 28 17 3 1 0
5023 30 17 3 1 0
5025 2 20 3 1 0
5026 4 20 3 1 0
5027 6 20 3 1 0
5028 8 20 3 1 0
5029 10 20 3 1 0
5030 12 20 3 1 0
5031 14 20 3 1 0
5032 16 20 3 1 0
5033 18 20 3 1 0
5034 20 20 3 1 0
5035 22 20 3 1 0
5036 24 20 3 1 0
5037 26 20 3 1 0
5038 28 20 3 1 0
5039 30 20 3 1 0
5041 2 21 3 1 0
5042 4 21 3 1 0
5043 6 21 3 1 0
5044 8 21 3 1 0
5045 10 21 3 1 0
5046 12 21 3 1 0
5047 14 21 3 1 0
5048 16 21 3 1 0
5049 18 21 3 1 0
5050 20 21 3 1 0
5051 22 21 3 1 0
5052 24 21 3 1 0
5053 26 21 3 1 0
5054 28 21 3 1 0
5055 30 21 3 1 0
5057 2 24 3 1 0
5058 4 24 3 1 0
5059 6 24 3 1 0
5060 8 24 3 1 0
5061 10 24 3 1 0
5062 12 24 3 1 0
5063 14 24 3 1 0
5064 16 24 3 1 0
5065 18 24 3 1 0
5066 20 24 3 1 0
5067 22 24 3 1 0
5068 24 24 3 1 0
5069 26 24 3 1 0
5070 28 24 3 1 0
5071 30 24 3 1 0
5073 2 25 3 1 0
5074 4 25 3 1 0
5075 6 25 3 1 0
5076 8 25 3 1 0
5077 10 25 3 1 0
5078 12 25 3 1 0
5079 14 25 3 1 0
5080 16 25 3 1 0
5081 18 25 3 1 0
5082 20 25 3 1 0
5083 22 25 3 1 0
5084 24 25 3 1 0
5085 26 25 3 1 0
5086 28 25 3 1 0
5087 30 25 3 1 0
5089 2 28 3 1 0
5090 4 28 3 1 0
5091 6 28 3 1 0
5092 8 28 3 1 0
5093 10 28 3 1 0
5094 12 28 3 1 0
5095 14 28 3 1 0
5096 16 28 3 1 0
5097 18 28 3 1 0
5098 20 28 3 1 0
5099 22 28 3 1 0
5100 24 28 3 1 0
5101 26 28 3 1 0
5102 28 28 3 1 0
5103 30 28 3 1 0
5105 2 29 3 1 0
5106 4 29 3 1 0
5107 6 29 3 1 0
5108 8 29 3 1 0
5109 10 29 3 1 0
5110 12 29 3 1 0
5111 14 29 3 1 0
5112 16 29 3 1 0
5113 18 29 3 1 0
5114 20 29 3 1 0
5115 22 29 3 1 0
5116 24 29 3 1 0
5117 26 29 3 1 0
5118 28 29 3 1 0
5119 30 29 3 1 0
5219 6 12 8 1 0
5222 12 12 8 1 0
5223 14 12 8 1 0
5224 16 12 8 1 0
5225 18 12 8 1 0
5226 20 12 8 1 0
5227 22 12 8 1 0
5228 24 12 8 1 0
5229 26 12 8 1 0
5230 28 12 8 1 0
5231 30 12 8 1 0
5234 4 13 8 1 0
5235 6 13 8 1 0
5238 12 13 8 1 0
5239 14 13 8 1 0
5240 16 13 8 1 0
5241 18 13 8 1 0
5242 20 13 8 1 0
5243 22 13 8 1 0
5244 24 13 8 1 0
5245 26 13 8 1 0
5246 28 13 8 1 0
5247 30 13 8 1 0
5250 4 16 8 1 0
5251 6 16 8 1 0
5254 12 16 8 1 0
5255 14 16 8 1 0
5256 16 16 8 1 0
5257 18 16 8 1 0
5258 20 16 8 1 0
5259 22 16 8 1 0
5260 24 16 8 1 0
5261 26 16 8 1 0
5262 28 16 8 1 0
5263 30 16 8 1 0
5266 4 17 8 1 0
5267 6 17 8 1 0
5270 12 17 8 1 0
5271 14 17 8 1 0
5272 16 17 8 1 0
5273 18 17 8 1 0
5274 20 17 8 1 0
5275 22 17 8 1 0
5276 24 17 8 1 0
5277 26 17 8 1 0
5278 28 17 8 1 0
5279 30 17 8 1 0
5283 6 20 8 1 0
5286 12 20 8 1 0
5287 14 20 8 1 0
5288 16 20 8 1 0
5289 18 20 8 1 0
5290 20 20 8 1 0
5291 22 20 8 1 0
5292 24 20 8 1 0
5293 26 20 8 1 0
5294 28 20 8 1 0
5295 30 20 8 1 0
5298 4 21 8 1 0
5299 6 21 8 1 0
5302 12 21 8 1 0
5303 14 21 8 1 0
5304 16 21 8 1 0
5305 18 21 8 1 0
5306 20 21 8 1 0
5307 22 21 8 1 0
5308 24 21 8 1 0
5309 26 21 8 1 0
5310 28 21 8 1 0
5311 30 21 8 1 0
5315 6 24 8 1 0
5318 12 24 8 1 0
5319 14 24 8 1 0
5320 16 24 8 1 0
5321 18 24 8 1 0
5322 20 24 8 1 0
5323 22 24 8 1 0
5324 24 24 8 1 0
5325 26 24 8 1 0
5326 28 24 8 1 0
5327 30 24 8 1 0
5331 6 25 8 1 0
5334 12 25 8 1 0
5335 14 25 8 1 0
5336 16 25 8 1 0
5337 18 25 8 1 0
5338 20 25 8 1 0
5339 22 25 8 1 0
5340 24 25 8 1 0
5341 26 25 8 1 0
5342 28 25 8 1 0
5343 30 25 8 1 0
5347 6 28 8 1 0
5350 12 28 8 1 0
5351 14 28 8 1 0
5352 16 28 8 1 0
5353 18 28 8 1 0
5354 20 28 8 1 0
5355 22 28 8 1 0
5356 24 28 8 1 0
5357 26 28 8 1 0
5358 28 28 8 1 0
5359 30 28 8 1 0
5362 4 29 8 1 0
5363 6 29 8 1 0
5366 12 29 8 1 0
5367 14 29 8 1 0
5368 16 29 8 1 0
5369 18 29 8 1 0
5370 20 29 8 1 0
5371 22 29 8 1 0
5372 24 29 8 1 0
5373 26 29 8 1 0
5374 28 29 8 1 0
5375 30 29 8 1 0
5459 6 9 9 1 0
5460 8 9 9 1 0
5461 10 9 9 1 0
5463 14 9 9 1 0
5464 16 9 9 1 0
5465 18 9 9 1 0
5467 22 9 9 1 0
5468 24 9 9 1 0
5469 26 9 9 1 0
5471 30 9 9 1 0
5475 6 12 9 1 0
5477 10 12 9 1 0
5478 12 12 9 1 0
5479 14 12 9 1 0
5480 16 12 9 1 0
5481 18 12 9 1 0
5482 20 12 9 1 0
5483 22 12 9 1 0
5484 24 12 9 1 0
5485 26 12 9 1 0
5486 28 12 9 1 0
5487 30 12 9 1 0
5491 6 13 9 1 0
5492 8 13 9 1 0
5493 10 13 9 1 0
5494 12 13 9 1 0
5495 14 13 9 1 0
5496 16 13 9 1 0
5497 18 13 9 1 0
5498 20 13 9 1 0
5499 22 13 9 1 0
5500 24 13 9 1 0
5501 26 13 9 1 0
5502 28 13 9 1 0
5503 30 13 9 1 0
5507 6 16 9 1 0
5508 8 16 9 1 0
5509 10 16 9 1 0
5510 12 16 9 1 0
5511 14 16 9 1 0
5512 16 16 9 1 0
5513 18 16 9 1 0
5514 20 16 9 1 0
5515 22 16 9 1 0
5516 24 16 9 1 0
5517 26 16 9 1 0
5518 28 16 9 1 0
5519 30 16 9 1 0
5523 6 17 9 1 0
5524 8 17 9 1 0
5525 10 17 9 1 0
5526 12 17 9 1 0
5527 14 17 9 1 0
5528 16 17 9 1 0
5529 18 17 9 1 0
5530 20 17 9 1 0
5531 22 17 9 1 0
5532 24 17 9 1 0
5533 26 17 9 1 0
5534 28 17 9 1 0
5535 30 17 9 1 0
5539 6 20 9 1 0
5540 8 20 9 1 0
5541 10 20 9 1 0
5542 12 20 9 1 0
5543 14 20 9 1 0
5544 16 20 9 1 0
5545 18 20 9 1 0
5546 20 20 9 1 0
5547 22 20 9 1 0
5548 24 20 9 1 0
5549 26 20 9 1 0
5550 28 20 9 1 0
5551 30 20 9 1 0
5555 6 21 9 1 0
5556 8 21 9 1 0
5557 10 21 9 1 0
5558 12 21 9 1 0
5559 14 21 9 1 0
5560 16 21 9 1 0
5561 18 21 9 1 0
5562 20 21 9 1 0
5563 22 21 9 1 0
5564 24 21 9 1 0
5565 26 21 9 1 0
5566 28 21 9 1 0
5567 30 21 9 1 0
5571 6 24 9 1 0
5573 10 24 9 1 0
5574 12 24 9 1 0
5575 14 24 9 1 0
5576 16 24 9 1 0
5577 18 24 9 1 0
5578 20 24 9 1 0
5579 22 24 9 1 0
5580 24 24 9 1 0
5581 26 24 9 1 0
5582 28 24 9 1 0
5583 30 24 9 1 0
5587 6 25 9 1 0
5588 8 25 9 1 0
5589 10 25 9 1 0
5590 12 25 9 1 0
5591 14 25 9 1 0
5592 16 25 9 1 0
5593 18 25 9 1 0
5594 20 25 9 1 0
5595 22 25 9 1 0
5596 24 25 9 1 0
5597 26 25 9 1 0
5598 28 25 9 1 0
5599 30 25 9 1 0
5603 6 28 9 1 0
5605 10 28 9 1 0
5606 12 28 9 1 0
5607 14 28 9 1 0
5608 16 28 9 1 0
5609 18 28 9 1 0
5610 20 28 9 1 0
5611 22 28 9 1 0
5612 24 28 9 1 0
5613 26 28 9 1 0
5614 28 28 9 1 0
5615 30 28 9 1 0
5619 6 29 9 1 0
5620 8 29 9 1 0
5621 10 29 9 1 0
5622 12 29 9 1 0
5623 14 29 9 1 0
5624 16 29 9 1 0
5625 18 29 9 1 0
5626 20 29 9 1 0
5627 22 29 9 1 0
5628 24 29 9 1 0
5629 26 29 9 1 0
5630 28 29 9 1 0
5631 30 29 9 1 0
5731 6 12 10 1 0
5733 10 12 10 1 0
5735 14 12 10 1 0
5736 16 12 10 1 0
5737 18 12 10 1 0
5739 22 12 10 1 0
5740 24 12 10 1 0
5741 26 12 10 1 0
5743 30 12 10 1 0
5747 6 13 10 1 0
5749 10 13 10 1 0
5750 12 13 10 1 0
5751 14 13 10 1 0
5752 16 13 10 1 0
5753 18 13 10 1 0
5754 20 13 10 1 0
5755 22 13 10 1 0
5756 24 13 10 1 0
5757 26 13 10 1 0
5758 28 13 10 1 0
5759 30 13 10 1 0
5763 6 16 10 1 0
5765 10 16 10 1 0
5766 12 16 10 1 0
5767 14 16 10 1 0
5768 16 16 10 1 0
5769 18 16 10 1 0
5770 20 16 10 1 0
5771 22 16 10 1 0
5772 24 16 10 1 0
5773 26 16 10 1 0
5774 28 16 10 1 0
5775 30 16 10 1 0
5779 6 17 10 1 0
5781 10 17 10 1 0
5782 12 17 10 1 0
5783 14 17 10 1 0
5784 16 17 10 1 0
5785 18 17 10 1 0
5786 20 17 10 1 0
5787 22 17 10 1 0
5788 24 17 10 1 0
5789 26 17 10 1 0
5790 28 17 10 1 0
5791 30 17 10 1 0
5795 6 20 10 1 0
5797 10 20 10 1 0
5798 12 20 10 1 0
5799 14 20 10 1 0
5800 16 20 10 1 0
5801 18 20 10 1 0
5802 20 20 10 1 0
5803 22 20 10 1 0
5804 24 20 10 1 0
5805 26 20 10 1 0
5806 28 20 10 1 0
5807 30 20 10 1 0
5811 6 21 10 1 0
5813 10 21 10 1 0
5814 12 21 10 1 0
5815 14 21 10 1 0
5816 16 21 10 1 0
5817 18 21 10 1 0
5818 20 21 10 1 0
5819 22 21 10 1 0
5820 24 21 10 1 0
5821 26 21 10 1 0
5822 28 21 10 1 0
5823 30 21 10 1 0
5827 6 24 10 1 0
5829 10 24 10 1 0
5830 12 24 10 1 0
5831 14 24 10 1 0
5832 16 24 10 1 0
5833 18 24 10 1 0
5834 20 24 10 1 0
5835 22 24 10 1 0
5836 24 24 10 1 0
5837 26 24 10 1 0
5838 28 24 10 1 0
5839 30 24 10 1 0
5843 6 25 10 1 0
5845 10 25 10 1 0
5846 12 25 10 1 0
5847 14 25 10 1 0
5848 16 25 10 1 0
5849 18 25 10 1 0
5850 20 25 10 1 0
5851 22 25 10 1 0
5852 24 25 10 1 0
5853 26 25 10 1 0
5854 28 25 10 1 0
5855 30 25 10 1 0
5859 6 28 10 1 0
5861 10 28 10 1 0
5862 12 28 10 1 0
5863 14 28 10 1 0
5864 16 28 10 1 0
5865 18 28 10 1 0
5866 20 28 10 1 0
5867 22 28 10 1 0
5868 24 28 10 1 0
5869 26 28 10 1 0
5870 28 28 10 1 0
5871 30 28 10 1 0
5875 6 29 10 1 0
5877 10 29 10 1 0
5878 12 29 10 1 0
5879 14 29 10 1 0
5880 16 29 10 1 0
5881 18 29 10 1 0
5882 20 29 10 1 0
5883 22 29 10 1 0
5884 24 29 10 1 0
5885 26 29 10 1 0
5886 28 29 10 1 0
5887 30 29 10 1 0
6003 6 13 11 1 0
6004 8 13 11 1 0
6005 10 13 11 1 0
6007 14 13 11 1 0
6008 16 13 11 1 0
6009 18 13 11 1 0
6011 22 13 11 1 0
6012 24 13 11 1 0
6013 26 13 11 1 0
6015 30 13 11 1 0
6019 6 16 11 1 0
6020 8 16 11 1 0
6021 10 16 11 1 0
6022 12 16 11 1 0
6023 14 16 11 1 0
6024 16 16 11 1 0
6025 18 16 11 1 0
6026 20 16 11 1 0
6027 22 16 11 1 0
6028 24 16 11 1 0
6029 26 16 11 1 0
6030 28 16 11 1 0
6031 30 16 11 1 0
6035 6 17 11 1 0
6036 8 17 11 1 0
6037 10 17 11 1 0
6038 12 17 11 1 0
6039 14 17 11 1 0
6040 16 17 11 1 0
6041 18 17 11 1 0
6042 20 17 11 1 0
6043 22 17 11 1 0
6044 24 17 11 1 0
6045 26 17 11 1 0
6046 28 17 11 1 0
6047 30 17 11 1 0
6051 6 20 11 1 0
6052 8 20 11 1 0
6053 10 20 11 1 0
6054 12 20 11 1 0
6055 14 20 11 1 0
6056 16 20 11 1 0
6057 18 20 11 1 0
6058 20 20 11 1 0
6059 22 20 11 1 0
6060 24 20 11 1 0
6061 26 20 11 1 0
6062 28 20 11 1 0
6063 30 20 11 1 0
6067 6 21 11 1 0
6068 8 21 11 1 0
6069 10 21 11 1 0
6070 12 21 11 1 0
6071 14 21 11 1 0
6072 16 21 11 1 0
6073 18 21 11 1 0
6074 20 21 11 1 0
6075 22 21 11 1 0
6076 24 21 11 1 0
6077 26 21 11 1 0
6078 28 21 11 1 0
6079 30 21 11 1 0
6083 6 24 11 1 0
6085 10 24 11 1 0
6086 12 24 11 1 0
6087 14 24 11 1 0
6088 16 24 11 1 0
6089 18 24 11 1 0
6090 20 24 11 1 0
6091 22 24 11 1 0
6092 24 24 11 1 0
6093 26 24 11 1 0
6094 28 24 11 1 0
6095 30 24 11 1 0
6099 6 25 11 1 0
6100 8 25 11 1 0
6101 10 25 11 1 0
6102 12 25 11 1 0
6103 14 25 11 1 0
6104 16 25 11 1 0
6105 18 25 11 1 0
6106 20 25 11 1 0
6107 22 25 11 1 0
6108 24 25 11 1 0
6109 26 25 11 1 0
6110 28 25 11 1 0
6111 30 25 11 1 0
6115 6 28 11 1 0
6117 10 28 11 1 0
6118 12 28 11 1 0
6119 14 28 11 1 0
6120 16 28 11 1 0
6121 18 28 11 1 0
6122 20 28 11 1 0
6123 22 28 11 1 0
6124 24 28 11 1 0
6125 26 28 11 1 0
6126 28 28 11 1 0
6127 30 28 11 1 0
6131 6 29 11 1 0
6132 8 29 11 1 0
6133 10 29 11 1 0
6134 12 29 11 1 0
6135 14 29 11 1 0
6136 16 29 11 1 0
6137 18 29 11 1 0
6138 20 29 11 1 0
6139 22 29 11 1 0
6140 24 29 11 1 0
6141 26 29 11 1 0
6142 28 29 11 1 0
6143 30 29 11 1 0
6275 6 16 16 1 0
6276 8 16 16 1 0
6277 10 16 16 1 0
6279 14 16 16 1 0
6280 16 16 16 1 0
6281 18 16 16 1 0
6283 22 16 16 1 0
6284 24 16 16 1 0
6285 26 16 16 1 0
6287 30 16 16 1 0
6291 6 17 16 1 0
6292 8 17 16 1 0
6293 10 17 16 1 0
6294 12 17 16 1 0
6295 14 17 16 1 0
6296 16 17 16 1 0
6297 18 17 16 1 0
6298 20 17 16 1 0
6299 22 17 16 1 0
6300 24 17 16 1 0
6301 26 17 16 1 0
6302 28 17 16 1 0
6303 30 17 16 1 0
6307 6 20 16 1 0
6308 8 20 16 1 0
6309 10 20 16 1 0
6310 12 20 16 1 0
6311 14 20 16 1 0
6312 16 20 16 1 0
6313 18 20 16 1 0
6314 20 20 16 1 0
6315 22 20 16 1 0
6316 24 20 16 1 0
6317 26 20 16 1 0
6318 28 20 16 1 0
6319 30 20 16 1 0
6323 6 21 16 1 0
6324 8 21 16 1 0
6325 10 21 16 1 0
6326 12 21 16 1 0
6327 14 21 16 1 0
6328 16 21 16 1 0
6329 18 21 16 1 0
6330 20 21 16 1 0
6331 22 21 16 1 0
6332 24 21 16 1 0
6333 26 21 16 1 0
6334 28 21 16 1 0
6335 30 21 16 1 0
6339 6 24 16 1 0
6341 10 24 16 1 0
6342 12 24 16 1 0
6343 14 24 16 1 0
6344 16 24 16 1 0
6345 18 24 16 1 0
6346 20 24 16 1 0
6347 22 24 16 1 0
6348 24 24 16 1 0
6349 26 24 16 1 0
6350 28 24 16 1 0
6351 30 24 16 1 0
6355 6 25 16 1 0
6356 8 25 16 1 0
6357 10 25 16 1 0
6358 12 25 16 1 0
6359 14 25 16 1 0
6360 16 25 16 1 0
6361 18 25 16 1 0
6362 20 25 16 1 0
6363 22 25 16 1 0
6364 24 25 16 1 0
6365 26 25 16 1 0
6366 28 25 16 1 0
6367 30 25 16 1 0
6371 6 28 16 1 0
6373 10 28 16 1 0
6374 12 28 16 1 0
6375 14 28 16 1 0
6376 16 28 16 1 0
6377 18 28 16 1 0
6378 20 28 16 1 0
6379 22 28 16 1 0
6380 24 28 16 1 0
6381 26 28 16 1 0
6382 28 28 16 1 0
6383 30 28 16 1 0
6387 6 29 16 1 0
6388 8 29 16 1 0
6389 10 29 16 1 0
6390 12 29 16 1 0
6391 14 29 16 1 0
6392 16 29 16 1 0
6393 18 29 16 1 0
6394 20 29 16 1 0
6395 22 29 16 1 0
6396 24 29 16 1 0
6397 26 29 16 1 0
6398 28 29 16 1 0
6399 30 29 16 1 0
6547 6 17 17 1 0
6548 8 17 17 1 0
6549 10 17 17 1 0
6551 14 17 17 1 0
6552 16 17 17 1 0
6553 18 17 17 1 0
6555 22 17 17 1 0
6556 24 17 17 1 0
6557 26 17 17 1 0
6559 30 17 17 1 0
6563 6 20 17 1 0
6564 8 20 17 1 0
6565 10 20 17 1 0
6566 12 20 17 1 0
6567 14 20 17 1 0
6568 16 20 17 1 0
6569 18 20 17 1 0
6570 20 20 17 1 0
6571 22 20 17 1 0
6572 24 20 17 1 0
6573 26 20 17 1 0
6574 28 20 17 1 0
6575 30 20 17 1 0
6579 6 21 17 1 0
6580 8 21 17 1 0
6581 10 21 17 1 0
6582 12 21 17 1 0
6583 14 21 17 1 0
6584 16 21 17 1 0
6585 18 21 17 1 0
6586 20 21 17 1 0
6587 22 21 17 1 0
6588 24 21 17 1 0
6589 26 21 17 1 0
6590 28 21 17 1 0
6591 30 21 17 1 0
6595 6 24 17 1 0
6596 8 24 17 1 0
6597 10 24 17 1 0
6598 12 24 17 1 0
6599 14 24 17 1 0
6600 16 24 17 1 0
6601 18 24 17 1 0
6602 20 24 17 1 0
6603 22 24 17 1 0
6604 24 24 17 1 0
6605 26 24 17 1 0
6606 28 24 17 1 0
6607 30 24 17 1 0
6611 6 25 17 1 0
6612 8 25 17 1 0
6613 10 25 17 1 0
6614 12 25 17 1 0
6615 14 25 17 1 0
6616 16 25 17 1 0
6617 18 25 17 1 0
6618 20 25 17 1 0
6619 22 25 17 1 0
6620 24 25 17 1 0
6621 26 25 17 1 0
6622 28 25 17 1 0
6623 30 25 17 1 0
6627 6 28 17 1 0
6628 8 28 17 1 0
6629 10 28 17 1 0
6630 12 28 17 1 0
6631 14 28 17 1 0
6632 16 28 17 1 0
6633 18 28 17 1 0
6634 20 28 17 1 0
6635 22 28 17 1 0
6636 24 28 17 1 0
6637 26 28 17 1 0
6638 28 28 17 1 0
6639 30 28 17 1 0
6643 6 29 17 1 0
6644 8 29 17 1 0
6645 10 29 17 1 0
6646 12 29 17 1 0
6647 14 29 17 1 0
6648 16 29 17 1 0
6649 18 29 17 1 0
6650 20 29 17 1 0
6651 22 29 17 1 0
6652 24 29 17 1 0
6653 26 29 17 1 0
6654 28 29 17 1 0
6655 30 29 17 1 0
6819 6 20 18 1 0
6820 8 20 18 1 0
6821 10 20 18 1 0
6823 14 20 18 1 0
6824 16 20 18 1 0
6825 18 20 18 1 0
6827 22 20 18 1 0
6828 24 20 18 1 0
6829 26 20 18 1 0
6831 30 20 18 1 0
6835 6 21 18 1 0
6836 8 21 18 1 0
6837 10 21 18 1 0
6838 12 21 18 1 0
6839 14 21 18 1 0
6840 16 21 18 1 0
6841 18 21 18 1 0
6842 20 21 18 1 0
6843 22 21 18 1 0
6844 24 21 18 1 0
6845 26 21 18 1 0
6846 28 21 18 1 0
6847 30 21 18 1 0
6851 6 24 18 1 0
6853 10 24 18 1 0
6854 12 24 18 1 0
6855 14 24 18 1 0
6856 16 24 18 1 0
6857 18 24 18 1 0
6858 20 24 18 1 0
6859 22 24 18 1 0
6860 24 24 18 1 0
6861 26 24 18 1 0
6862 28 24 18 1 0
6863 30 24 18 1 0
6867 6 25 18 1 0
6868 8 25 18 1 0
6869 10 25 18 1 0
6870 12 25 18 1 0
6871 14 25 18 1 0
6872 16 25 18 1 0
6873 18 25 18 1 0
6874 20 25 18 1 0
6875 22 25 18 1 0
6876 24 25 18 1 0
6877 26 25 18 1 0
6878 28 25 18 1 0
6879 30 25 18 1 0
6883 6 28 18 1 0
6885 10 28 18 1 0
6886 12 28 18 1 0
6887 14 28 18 1 0
6888 16 28 18 1 0
6889 18 28 18 1 0
6890 20 28 18 1 0
6891 22 28 18 1 0
6892 24 28 18 1 0
6893 26 28 18 1 0
6894 28 28 18 1 0
6895 30 28 18 1 0
6899 6 29 18 1 0
6900 8 29 18 1 0
6901 10 29 18 1 0
6902 12 29 18 1 0
6903 14 29 18 1 0
6904 16 29 18 1 0
6905 18 29 18 1 0
6906 20 29 18 1 0
6907 22 29 18 1 0
6908 24 29 18 1 0
6909 26 29 18 1 0
6910 28 29 18 1 0
6911 30 29 18 1 0
7091 6 21 19 1 0
7092 8 21 19 1 0
7093 10 21 19 1 0
7095 14 21 19 1 0
7096 16 21 19 1 0
7097 18 21 19 1 0
7099 22 21 19 1 0
7100 24 21 19 1 0
7101 26 21 19 1 0
7103 30 21 19 1 0
7107 6 24 19 1 0
7109 10 24 19 1 0
7110 12 24 19 1 0
7111 14 24 19 1 0
7112 16 24 19 1 0
7113 18 24 19 1 0
7114 20 24 19 1 0
7115 22 24 19 1 0
7116 24 24 19 1 0
7117 26 24 19 1 0
7118 28 24 19 1 0
7119 30 24 19 1 0
7123 6 25 19 1 0
7124 8 25 19 1 0
7125 10 25 19 1 0
7126 12 25 19 1 0
7127 14 25 19 1 0
7128 16 25 19 1 0
7129 18 25 19 1 0
7130 20 25 19 1 0
7131 22 25 19 1 0
7132 24 25 19 1 0
7133 26 25 19 1 0
7134 28 25 19 1 0
7135 30 25 19 1 0
7139 6 28 19 1 0
7140 8 28 19 1 0
7141 10 28 19 1 0
7142 12 28 19 1 0
7143 14 28 19 1 0
7144 16 28 19 1 0
7145 18 28 19 1 0
7146 20 28 19 1 0
7147 22 28 19 1 0
7148 24 28 19 1 0
7149 26 28 19 1 0
7150 28 28 19 1 0
7151 30 28 19 1 0
7155 6 29 19 1 0
7156 8 29 19 1 0
7157 10 29 19 1 0
7158 12 29 19 1 0
7159 14 29 19 1 0
7160 16 29 19 1 0
7161 18 29 19 1 0
7162 20 29 19 1 0
7163 22 29 19 1 0
7164 24 29 19 1 0
7165 26 29 19 1 0
7166 28 29 19 1 0
7167 30 29 19 1 0
7363 6 24 24 1 0
7365 10 24 24 1 0
7367 14 24 24 1 0
7368 16 24 24 1 0
7369 18 24 24 1 0
7371 22 24 24 1 0
7372 24 24 24 1 0
7373 26 24 24 1 0
7375 30 24 24 1 0
7379 6 25 24 1 0
7381 10 25 24 1 0
7382 12 25 24 1 0
7383 14 25 24 1 0
7384 16 25 24 1 0
7385 18 25 24 1 0
7386 20 25 24 1 0
7387 22 25 24 1 0
7388 24 25 24 1 0
7389 26 25 24 1 0
7390 28 25 24 1 0
7391 30 25 24 1 0
7395 6 28 24 1 0
7397 10 28 24 1 0
7398 12 28 24 1 0
7399 14 28 24 1 0
7400 16 28 24 1 0
7401 18 28 24 1 0
7402 20 28 24 1 0
7403 22 28 24 1 0
7404 24 28 24 1 0
7405 26 28 24 1 0
7406 28 28 24 1 0
7407 30 28 24 1 0
7411 6 29 24 1 0
7413 10 29 24 1 0
7414 12 29 24 1 0
7415 14 29 24 1 0
7416 16 29 24 1 0
7417 18 29 24 1 0
7418 20 29 24 1 0
7419 22 29 24 1 0
7420 24 29 24 1 0
7421 26 29 24 1 0
7422 28 29 24 1 0
7423 30 29 24 1 0
7635 6 25 25 1 0
7636 8 25 25 1 0
7637 10 25 25 1 0
7639 14 25 25 1 0
7640 16 25 25 1 0
7641 18 25 25 1 0
7643 22 25 25 1 0
7644 24 25 25 1 0
7645 26 25 25 1 0
7647 30 25 25 1 0
7651 6 28 25 1 0
7653 10 28 25 1 0
7654 12 28 25 1 0
7655 14 28 25 1 0
7656 16 28 25 1 0
7657 18 28 25 1 0
7658 20 28 25 1 0
7659 22 28 25 1 0
7660 24 28 25 1 0
7661 26 28 25 1 0
7662 28 28 25 1 0
7663 30 28 25 1 0
7667 6 29 25 1 0
7668 8 29 25 1 0
7669 10 29 25 1 0
7670 12 29 25 1 0
7671 14 29 25 1 0
7672 16 29 25 1 0
7673 18 29 25 1 0
7674 20 29 25 1 0
7675 22 29 25 1 0
7676 24 29 25 1 0
7677 26 29 25 1 0
7678 28 29 25 1 0
7679 30 29 25 1 0
7907 6 28 26 1 0
7909 10 28 26 1 0
7911 14 28 26 1 0
7912 16 28 26 1 0
7913 18 28 26 1 0
7915 22 28 26 1 0
7916 24 28 26 1 0
7917 26 28 26 1 0
7919 30 28 26 1 0
7923 6 29 26 1 0
7925 10 29 26 1 0
7926 12 29 26 1 0
7927 14 29 26 1 0
7928 16 29 26 1 0
7929 18 29 26 1 0
7930 20 29 26 1 0
7931 22 29 26 1 0
7932 24 29 26 1 0
7933 26 29 26 1 0
7934 28 29 26 1 0
7935 30 29 26 1 0
8179 6 29 27 1 0
8180 8 29 27 1 0
8181 10 29 27 1 0
8183 14 29 27 1 0
8184 16 29 27 1 0
8185 18 29 27 1 0
8187 22 29 27 1 0
8188 24 29 27 1 0
8189 26 29 27 1 0
8191 30 29 27 1 0
13107 6 5 3 3 0
13109 10 5 3 3 0
13110 12 5 3 3 0
13111 14 5 3 3 0
13112 16 5 3 3 0
13113 18 5 3 3 0
13114 20 5 3 3 0
13115 22 5 3 3 0
13116 24 5 3 3 0
13117 26 5 3 3 0
13118 28 5 3 3 0
13119 30 5 3 3 0
13158 12 12 3 3 0
13159 14 12 3 3 0
13160 16 12 3 3 0
13161 18 12 3 3 0
13162 20 12 3 3 0
13163 22 12 3 3 0
13166 28 12 3 3 0
13167 30 12 3 3 0
13175 14 13 3 3 0
13176 16 13 3 3 0
13177 18 13 3 3 0
13178 20 13 3 3 0
13179 22 13 3 3 0
13182 28 13 3 3 0
13183 30 13 3 3 0
13192 16 16 3 3 0
13193 18 16 3 3 0
13194 20 16 3 3 0
13195 22 16 3 3 0
13198 28 16 3 3 0
13199 30 16 3 3 0
13209 18 17 3 3 0
13210 20 17 3 3 0
13211 22 17 3 3 0
13214 28 17 3 3 0
13215 30 17 3 3 0
13226 20 20 3 3 0
13227 22 20 3 3 0
13228 24 20 3 3 0
13229 26 20 3 3 0
13230 28 20 3 3 0
13231 30 20 3 3 0
13243 22 21 3 3 0
13245 26 21 3 3 0
13246 28 21 3 3 0
13247 30 21 3 3 0
13294 28 28 3 3 0
13295 30 28 3 3 0
13311 30 29 3 3 0
13619 6 5 9 3 0
13623 14 5 9 3 0
13624 16 5 9 3 0
13625 18 5 9 3 0
13627 22 5 9 3 0
13631 30 5 9 3 0
13667 6 12 9 3 0
13671 14 12 9 3 0
13672 16 12 9 3 0
13673 18 12 9 3 0
13674 20 12 9 3 0
13675 22 12 9 3 0
13676 24 12 9 3 0
13677 26 12 9 3 0
13678 28 12 9 3 0
13679 30 12 9 3 0
13685 10 13 9 3 0
13686 12 13 9 3 0
13687 14 13 9 3 0
13688 16 13 9 3 0
13689 18 13 9 3 0
13690 20 13 9 3 0
13691 22 13 9 3 0
13692 24 13 9 3 0
13693 26 13 9 3 0
13694 28 13 9 3 0
13695 30 13 9 3 0
13701 10 16 9 3 0
13702 12 16 9 3 0
13703 14 16 9 3 0
13704 16 16 9 3 0
13705 18 16 9 3 0
13706 20 16 9 3 0
13707 22 16 9 3 0
13708 24 16 9 3 0
13709 26 16 9 3 0
13710 28 16 9 3 0
13711 30 16 9 3 0
13717 10 17 9 3 0
13718 12 17 9 3 0
13719 14 17 9 3 0
13720 16 17 9 3 0
13721 18 17 9 3 0
13722 20 17 9 3 0
13723 22 17 9 3 0
13724 24 17 9 3 0
13725 26 17 9 3 0
13726 28 17 9 3 0
13727 30 17 9 3 0
13733 10 20 9 3 0
13734 12 20 9 3 0
13735 14 20 9 3 0
13736 16 20 9 3 0
13737 18 20 9 3 0
13738 20 20 9 3 0
13739 22 20 9 3 0
13740 24 20 9 3 0
13741 26 20 9 3 0
13742 28 20 9 3 0
13743 30 20 9 3 0
13749 10 21 9 3 0
13750 12 21 9 3 0
13751 14 21 9 3 0
13752 16 21 9 3 0
13753 18 21 9 3 0
13754 20 21 9 3 0
13755 22 21 9 3 0
13756 24 21 9 3 0
13757 26 21 9 3 0
13758 28 21 9 3 0
13759 30 21 9 3 0
13766 12 24 9 3 0
13767 14 24 9 3 0
13768 16 24 9 3 0
13769 18 24 9 3 0
13770 20 24 9 3 0
13771 22 24 9 3 0
13772 24 24 9 3 0
13773 26 24 9 3 0
13774 28 24 9 3 0
13775 30 24 9 3 0
13781 10 25 9 3 0
13782 12 25 9 3 0
13783 14 25 9 3 0
13784 16 25 9 3 0
13785 18 25 9 3 0
13786 20 25 9 3 0
13787 22 25 9 3 0
13788 24 25 9 3 0
13789 26 25 9 3 0
13790 28 25 9 3 0
13791 30 25 9 3 0
13798 12 28 9 3 0
13799 14 28 9 3 0
13800 16 28 9 3 0
13801 18 28 9 3 0
13802 20 28 9 3 0
13803 22 28 9 3 0
13804 24 28 9 3 0
13805 26 28 9 3 0
13806 28 28 9 3 0
13807 30 28 9 3 0
13813 10 29 9 3 0
13814 12 29 9 3 0
13815 14 29 9 3 0
13816 16 29 9 3 0
13817 18 29 9 3 0
13818 20 29 9 3 0
13819 22 29 9 3 0
13820 24 29 9 3 0
13821 26 29 9 3 0
13822 28 29 9 3 0
13823 30 29 9 3 0
14165 10 9 11 3 0
14167 14 9 11 3 0
14168 16 9 11 3 0
14169 18 9 11 3 0
14170 20 9 11 3 0
14171 22 9 11 3 0
14173 26 9 11 3 0
14175 30 9 11 3 0
14183 14 12 11 3 0
14184 16 12 11 3 0
14185 18 12 11 3 0
14186 20 12 11 3 0
14187 22 12 11 3 0
14188 24 12 11 3 0
14189 26 12 11 3 0
14190 28 12 11 3 0
14191 30 12 11 3 0
14199 14 13 11 3 0
14200 16 13 11 3 0
14201 18 13 11 3 0
14202 20 13 11 3 0
14203 22 13 11 3 0
14204 24 13 11 3 0
14205 26 13 11 3 0
14206 28 13 11 3 0
14207 30 13 11 3 0
14216 16 16 11 3 0
14217 18 16 11 3 0
14218 20 16 11 3 0
14219 22 16 11 3 0
14220 24 16 11 3 0
14221 26 16 11 3 0
14222 28 16 11 3 0
14223 30 16 11 3 0
14233 18 17 11 3 0
14234 20 17 11 3 0
14235 22 17 11 3 0
14236 24 17 11 3 0
14237 26 17 11 3 0
14238 28 17 11 3 0
14239 30 17 11 3 0
14250 20 20 11 3 0
14251 22 20 11 3 0
14252 24 20 11 3 0
14253 26 20 11 3 0
14254 28 20 11 3 0
14255 30 20 11 3 0
14267 22 21 11 3 0
14268 24 21 11 3 0
14269 26 21 11 3 0
14270 28 21 11 3 0
14271 30 21 11 3 0
14284 24 24 11 3 0
14285 26 24 11 3 0
14286 28 24 11 3 0
14287 30 24 11 3 0
14301 26 25 11 3 0
14302 28 25 11 3 0
14303 30 25 11 3 0
14318 28 28 11 3 0
14319 30 28 11 3 0
14335 30 29 11 3 0
14421 10 9 16 3 0
14423 14 9 16 3 0
14424 16 9 16 3 0
14425 18 9 16 3 0
14426 20 9 16 3 0
14427 22 9 16 3 0
14429 26 9 16 3 0
14431 30 9 16 3 0
14440 16 12 16 3 0
14441 18 12 16 3 0
14442 20 12 16 3 0
14443 22 12 16 3 0
14444 24 12 16 3 0
14445 26 12 16 3 0
14446 28 12 16 3 0
14447 30 12 16 3 0
14455 14 13 16 3 0
14456 16 13 16 3 0
14457 18 13 16 3 0
14458 20 13 16 3 0
14459 22 13 16 3 0
14460 24 13 16 3 0
14461 26 13 16 3 0
14462 28 13 16 3 0
14463 30 13 16 3 0
14472 16 16 16 3 0
14473 18 16 16 3 0
14474 20 16 16 3 0
14475 22 16 16 3 0
14476 24 16 16 3 0
14477 26 16 16 3 0
14478 28 16 16 3 0
14479 30 16 16 3 0
14489 18 17 16 3 0
14490 20 17 16 3 0
14491 22 17 16 3 0
14492 24 17 16 3 0
14493 26 17 16 3 0
14494 28 17 16 3 0
14495 30 17 16 3 0
14506 20 20 16 3 0
14507 22 20 16 3 0
14508 24 20 16 3 0
14509 26 20 16 3 0
14510 28 20 16 3 0
14511 30 20 16 3 0
14523 22 21 16 3 0
14524 24 21 16 3 0
14525 26 21 16 3 0
14526 28 21 16 3 0
14527 30 21 16 3 0
14540 24 24 16 3 0
14541 26 24 16 3 0
14542 28 24 16 3 0
14543 30 24 16 3 0
14557 26 25 16 3 0
14558 28 25 16 3 0
14559 30 25 16 3 0
14574 28 28 16 3 0
14575 30 28 16 3 0
14591 30 29 16 3 0
14677 10 9 17 3 0
14679 14 9 17 3 0
14680 16 9 17 3 0
14681 18 9 17 3 0
14682 20 9 17 3 0
14683 22 9 17 3 0
14685 26 9 17 3 0
14687 30 9 17 3 0
14697 18 12 17 3 0
14698 20 12 17 3 0
14699 22 12 17 3 0
14700 24 12 17 3 0
14701 26 12 17 3 0
14702 28 12 17 3 0
14703 30 12 17 3 0
14709 10 13 17 3 0
14711 14 13 17 3 0
14712 16 13 17 3 0
14713 18 13 17 3 0
14714 20 13 17 3 0
14715 22 13 17 3 0
14716 24 13 17 3 0
14717 26 13 17 3 0
14718 28 13 17 3 0
14719 30 13 17 3 0
14725 10 16 17 3 0
14727 14 16 17 3 0
14728 16 16 17 3 0
14729 18 16 17 3 0
14730 20 16 17 3 0
14731 22 16 17 3 0
14732 24 16 17 3 0
14733 26 16 17 3 0
14734 28 16 17 3 0
14735 30 16 17 3 0
14741 10 17 17 3 0
14742 12 17 17 3 0
14743 14 17 17 3 0
14744 16 17 17 3 0
14745 18 17 17 3 0
14746 20 17 17 3 0
14747 22 17 17 3 0
14748 24 17 17 3 0
14749 26 17 17 3 0
14750 28 17 17 3 0
14751 30 17 17 3 0
14757 10 20 17 3 0
14759 14 20 17 3 0
14760 16 20 17 3 0
14761 18 20 17 3 0
14762 20 20 17 3 0
14763 22 20 17 3 0
14764 24 20 17 3 0
14765 26 20 17 3 0
14766 28 20 17 3 0
14767 30 20 17 3 0
14773 10 21 17 3 0
14774 12 21 17 3 0
14775 14 21 17 3 0
14776 16 21 17 3 0
14777 18 21 17 3 0
14778 20 21 17 3 0
14779 22 21 17 3 0
14780 24 21 17 3 0
14781 26 21 17 3 0
14782 28 21 17 3 0
14783 30 21 17 3 0
14789 10 24 17 3 0
14790 12 24 17 3 0
14791 14 24 17 3 0
14792 16 24 17 3 0
14793 18 24 17 3 0
14794 20 24 17 3 0
14795 22 24 17 3 0
14796 24 24 17 3 0
14797 26 24 17 3 0
14798 28 24 17 3 0
14799 30 24 17 3 0
14805 10 25 17 3 0
14806 12 25 17 3 0
14807 14 25 17 3 0
14808 16 25 17 3 0
14809 18 25 17 3 0
14810 20 25 17 3 0
14811 22 25 17 3 0
14812 24 25 17 3 0
14813 26 25 17 3 0
14814 28 25 17 3 0
14815 30 25 17 3 0
14821 10 28 17 3 0
14822 12 28 17 3 0
14823 14 28 17 3 0
14824 16 28 17 3 0
14825 18 28 17 3 0
14826 20 28 17 3 0
14827 22 28 17 3 0
14828 24 28 17 3 0
14829 26 28 17 3 0
14830 28 28 17 3 0
14831 30 28 17 3 0
14837 10 29 17 3 0
14838 12 29 17 3 0
14839 14 29 17 3 0
14840 16 29 17 3 0
14841 18 29 17 3 0
14842 20 29 17 3 0
14843 22 29 17 3 0
14844 24 29 17 3 0
14845 26 29 17 3 0
14846 28 29 17 3 0
14847 30 29 17 3 0
15189 10 9 19 3 0
15191 14 9 19 3 0
15192 16 9 19 3 0
15193 18 9 19 3 0
15194 20 9 19 3 0
15195 22 9 19 3 0
15196 24 9 19 3 0
15197 26 9 19 3 0
15198 28 9 19 3 0
15199 30 9 19 3 0
15209 18 12 19 3 0
15211 22 12 19 3 0
15213 26 12 19 3 0
15214 28 12 19 3 0
15215 30 12 19 3 0
15223 14 13 19 3 0
15224 16 13 19 3 0
15225 18 13 19 3 0
15226 20 13 19 3 0
15227 22 13 19 3 0
15228 24 13 19 3 0
15229 26 13 19 3 0
15230 28 13 19 3 0
15231 30 13 19 3 0
15240 16 16 19 3 0
15241 18 16 19 3 0
15242 20 16 19 3 0
15243 22 16 19 3 0
15244 24 16 19 3 0
15245 26 16 19 3 0
15246 28 16 19 3 0
15247 30 16 19 3 0
15257 18 17 19 3 0
15258 20 17 19 3 0
15259 22 17 19 3 0
15260 24 17 19 3 0
15261 26 17 19 3 0
15262 28 17 19 3 0
15263 30 17 19 3 0
15274 20 20 19 3 0
15275 22 20 19 3 0
15276 24 20 19 3 0
15277 26 20 19 3 0
15278 28 20 19 3 0
15279 30 20 19 3 0
15291 22 21 19 3 0
15292 24 21 19 3 0
15293 26 21 19 3 0
15294 28 21 19 3 0
15295 30 21 19 3 0
15308 24 24 19 3 0
15309 26 24 19 3 0
15310 28 24 19 3 0
15311 30 24 19 3 0
15325 26 25 19 3 0
15326 28 25 19 3 0
15327 30 25 19 3 0
15342 28 28 19 3 0
15343 30 28 19 3 0
15359 30 29 19 3 0
15465 18 12 24 3 0
15467 22 12 24 3 0
15469 26 12 24 3 0
15471 30 12 24 3 0
15479 14 13 24 3 0
15480 16 13 24 3 0
15481 18 13 24 3 0
15482 20 13 24 3 0
15483 22 13 24 3 0
15484 24 13 24 3 0
15485 26 13 24 3 0
15486 28 13 24 3 0
15487 30 13 24 3 0
15496 16 16 24 3 0
15497 18 16 24 3 0
15498 20 16 24 3 0
15499 22 16 24 3 0
15500 24 16 24 3 0
15501 26 16 24 3 0
15502 28 16 24 3 0
15503 30 16 24 3 0
15513 18 17 24 3 0
15514 20 17 24 3 0
15515 22 17 24 3 0
15516 24 17 24 3 0
15517 26 17 24 3 0
15518 28 17 24 3 0
15519 30 17 24 3 0
15530 20 20 24 3 0
15531 22 20 24 3 0
15532 24 20 24 3 0
15533 26 20 24 3 0
15534 28 20 24 3 0
15535 30 20 24 3 0
15547 22 21 24 3 0
15548 24 21 24 3 0
15549 26 21 24 3 0
15550 28 21 24 3 0
15551 30 21 24 3 0
15564 24 24 24 3 0
15565 26 24 24 3 0
15566 28 24 24 3 0
15567 30 24 24 3 0
15581 26 25 24 3 0
15582 28 25 24 3 0
15583 30 25 24 3 0
15598 28 28 24 3 0
15599 30 28 24 3 0
15615 30 29 24 3 0
15723 22 12 25 3 0
15725 26 12 25 3 0
15727 30 12 25 3 0
15733 10 13 25 3 0
15735 14 13 25 3 0
15736 16 13 25 3 0
15737 18 13 25 3 0
15738 20 13 25 3 0
15739 22 13 25 3 0
15740 24 13 25 3 0
15741 26 13 25 3 0
15742 28 13 25 3 0
15743 30 13 25 3 0
15749 10 16 25 3 0
15751 14 16 25 3 0
15752 16 16 25 3 0
15753 18 16 25 3 0
15754 20 16 25 3 0
15755 22 16 25 3 0
15756 24 16 25 3 0
15757 26 16 25 3 0
15758 28 16 25 3 0
15759 30 16 25 3 0
15765 10 17 25 3 0
15767 14 17 25 3 0
15768 16 17 25 3 0
15769 18 17 25 3 0
15770 20 17 25 3 0
15771 22 17 25 3 0
15772 24 17 25 3 0
15773 26 17 25 3 0
15774 28 17 25 3 0
15775 30 17 25 3 0
15781 10 20 25 3 0
15783 14 20 25 3 0
15784 16 20 25 3 0
15785 18 20 25 3 0
15786 20 20 25 3 0
15787 22 20 25 3 0
15788 24 20 25 3 0
15789 26 20 25 3 0
15790 28 20 25 3 0
15791 30 20 25 3 0
15797 10 21 25 3 0
15799 14 21 25 3 0
15800 16 21 25 3 0
15801 18 21 25 3 0
15802 20 21 25 3 0
15803 22 21 25 3 0
15804 24 21 25 3 0
15805 26 21 25 3 0
15806 28 21 25 3 0
15807 30 21 25 3 0
15815 14 24 25 3 0
15816 16 24 25 3 0
15817 18 24 25 3 0
15818 20 24 25 3 0
15819 22 24 25 3 0
15820 24 24 25 3 0
15821 26 24 25 3 0
15822 28 24 25 3 0
15823 30 24 25 3 0
15829 10 25 25 3 0
15830 12 25 25 3 0
15831 14 25 25 3 0
15832 16 25 25 3 0
15833 18 25 25 3 0
15834 20 25 25 3 0
15835 22 25 25 3 0
15836 24 25 25 3 0
15837 26 25 25 3 0
15838 28 25 25 3 0
15839 30 25 25 3 0
15847 14 28 25 3 0
15848 16 28 25 3 0
15849 18 28 25 3 0
15850 20 28 25 3 0
15851 22 28 25 3 0
15852 24 28 25 3 0
15853 26 28 25 3 0
15854 28 28 25 3 0
15855 30 28 25 3 0
15861 10 29 25 3 0
15862 12 29 25 3 0
15863 14 29 25 3 0
15864 16 29 25 3 0
15865 18 29 25 3 0
15866 20 29 25 3 0
15867 22 29 25 3 0
15868 24 29 25 3 0
15869 26 29 25 3 0
15870 28 29 25 3 0
15871 30 29 25 3 0
16213 10 9 27 3 0
16215 14 9 27 3 0
16216 16 9 27 3 0
16217 18 9 27 3 0
16218 20 9 27 3 0
16219 22 9 27 3 0
16221 26 9 27 3 0
16223 30 9 27 3 0
16239 30 12 27 3 0
16247 14 13 27 3 0
16248 16 13 27 3 0
16249 18 13 27 3 0
16250 20 13 27 3 0
16251 22 13 27 3 0
16252 24 13 27 3 0
16253 26 13 27 3 0
16254 28 13 27 3 0
16255 30 13 27 3 0
16264 16 16 27 3 0
16265 18 16 27 3 0
16266 20 16 27 3 0
16267 22 16 27 3 0
16268 24 16 27 3 0
16269 26 16 27 3 0
16270 28 16 27 3 0
16271 30 16 27 3 0
16281 18 17 27 3 0
16282 20 17 27 3 0
16283 22 17 27 3 0
16284 24 17 27 3 0
16285 26 17 27 3 0
16286 28 17 27 3 0
16287 30 17 27 3 0
16298 20 20 27 3 0
16299 22 20 27 3 0
16300 24 20 27 3 0
16301 26 20 27 3 0
16302 28 20 27 3 0
16303 30 20 27 3 0
16315 22 21 27 3 0
16316 24 21 27 3 0
16317 26 21 27 3 0
16318 28 21 27 3 0
16319 30 21 27 3 0
16332 24 24 27 3 0
16333 26 24 27 3 0
16334 28 24 27 3 0
16335 30 24 27 3 0
16349 26 25 27 3 0
16350 28 25 27 3 0
16351 30 25 27 3 0
16366 28 28 27 3 0
16367 30 28 27 3 0
16383 30 29 27 3 0
30583 14 13 11 7 0
30584 16 13 11 7 0
30585 18 13 11 7 0
30587 22 13 11 7 0
30591 30 13 11 7 0
30600 16 16 11 7 0
30601 18 16 11 7 0
30602 20 16 11 7 0
30603 22 16 11 7 0
30606 28 16 11 7 0
30607 30 16 11 7 0
30617 18 17 11 7 0
30618 20 17 11 7 0
30619 22 17 11 7 0
30622 28 17 11 7 0
30623 30 17 11 7 0
30634 20 20 11 7 0
30635 22 20 11 7 0
30636 24 20 11 7 0
30637 26 20 11 7 0
30638 28 20 11 7 0
30639 30 20 11 7 0
30651 22 21 11 7 0
30653 26 21 11 7 0
30654 28 21 11 7 0
30655 30 21 11 7 0
30702 28 28 11 7 0
30703 30 28 11 7 0
30719 30 29 11 7 0
30856 16 16 16 7 0
30857 18 16 16 7 0
30859 22 16 16 7 0
30860 24 16 16 7 0
30861 26 16 16 7 0
30863 30 16 16 7 0
30873 18 17 16 7 0
30874 20 17 16 7 0
30875 22 17 16 7 0
30876 24 17 16 7 0
30877 26 17 16 7 0
30878 28 17 16 7 0
30879 30 17 16 7 0
30890 20 20 16 7 0
30891 22 20 16 7 0
30892 24 20 16 7 0
30893 26 20 16 7 0
30894 28 20 16 7 0
30895 30 20 16 7 0
30907 22 21 16 7 0
30908 24 21 16 7 0
30909 26 21 16 7 0
30910 28 21 16 7 0
30911 30 21 16 7 0
30924 24 24 16 7 0
30925 26 24 16 7 0
30926 28 24 16 7 0
30927 30 24 16 7 0
30941 26 25 16 7 0
30942 28 25 16 7 0
30943 30 25 16 7 0
30958 28 28 16 7 0
30959 30 28 16 7 0
30975 30 29 16 7 0
31129 18 17 17 7 0
31131 22 17 17 7 0
31132 24 17 17 7 0
31133 26 17 17 7 0
31135 30 17 17 7 0
31145 18 20 17 7 0
31147 22 20 17 7 0
31148 24 20 17 7 0
31149 26 20 17 7 0
31150 28 20 17 7 0
31151 30 20 17 7 0
31162 20 21 17 7 0
31163 22 21 17 7 0
31164 24 21 17 7 0
31165 26 21 17 7 0
31166 28 21 17 7 0
31167 30 21 17 7 0
31178 20 24 17 7 0
31179 22 24 17 7 0
31180 24 24 17 7 0
31181 26 24 17 7 0
31182 28 24 17 7 0
31183 30 24 17 7 0
31194 20 25 17 7 0
31195 22 25 17 7 0
31196 24 25 17 7 0
31197 26 25 17 7 0
31198 28 25 17 7 0
31199 30 25 17 7 0
31211 22 28 17 7 0
31212 24 28 17 7 0
31213 26 28 17 7 0
31214 28 28 17 7 0
31215 30 28 17 7 0
31226 20 29 17 7 0
31227 22 29 17 7 0
31228 24 29 17 7 0
31229 26 29 17 7 0
31230 28 29 17 7 0
31231 30 29 17 7 0
31675 22 21 19 7 0
31676 24 21 19 7 0
31677 26 21 19 7 0
31679 30 21 19 7 0
31692 24 24 19 7 0
31693 26 24 19 7 0
31694 28 24 19 7 0
31695 30 24 19 7 0
31709 26 25 19 7 0
31710 28 25 19 7 0
31711 30 25 19 7 0
31726 28 28 19 7 0
31727 30 28 19 7 0
31743 30 29 19 7 0
31948 24 24 24 7 0
31949 26 24 24 7 0
31951 30 24 24 7 0
31965 26 25 24 7 0
31966 28 25 24 7 0
31967 30 25 24 7 0
31982 28 28 24 7 0
31983 30 28 24 7 0
31999 30 29 24 7 0
32221 26 25 25 7 0
32223 30 25 25 7 0
32237 26 28 25 7 0
32239 30 28 25 7 0
32254 28 29 25 7 0
32255 30 29 25 7 0
32767 30 29 27 7 0
34952 16 16 16 16 0
34953 18 16 16 16 0
34955 22 16 16 16 0
34959 30 16 16 16 0
34969 18 17 16 16 0
34970 20 17 16 16 0
34971 22 17 16 16 0
34974 28 17 16 16 0
34975 30 17 16 16 0
34986 20 20 16 16 0
34987 22 20 16 16 0
34988 24 20 16 16 0
34989 26 20 16 16 0
34990 28 20 16 16 0
34991 30 20 16 16 0
35003 22 21 16 16 0
35005 26 21 16 16 0
35006 28 21 16 16 0
35007 30 21 16 16 0
35054 28 28 16 16 0
35055 30 28 16 16 0
35071 30 29 16 16 0
35225 18 17 17 16 0
35227 22 17 17 16 0
35228 24 17 17 16 0
35229 26 17 17 16 0
35231 30 17 17 16 0
35241 18 20 17 16 0
35243 22 20 17 16 0
35244 24 20 17 16 0
35245 26 20 17 16 0
35246 28 20 17 16 0
35247 30 20 17 16 0
35258 20 21 17 16 0
35259 22 21 17 16 0
35260 24 21 17 16 0
35261 26 21 17 16 0
35262 28 21 17 16 0
35263 30 21 17 16 0
35274 20 24 17 16 0
35275 22 24 17 16 0
35276 24 24 17 16 0
35277 26 24 17 16 0
35278 28 24 17 16 0
35279 30 24 17 16 0
35290 20 25 17 16 0
35291 22 25 17 16 0
35292 24 25 17 16 0
35293 26 25 17 16 0
35294 28 25 17 16 0
35295 30 25 17 16 0
35307 22 28 17 16 0
35308 24 28 17 16 0
35309 26 28 17 16 0
35310 28 28 17 16 0
35311 30 28 17 16 0
35322 20 29 17 16 0
35323 22 29 17 16 0
35324 24 29 17 16 0
35325 26 29 17 16 0
35326 28 29 17 16 0
35327 30 29 17 16 0
35771 22 21 19 16 0
35772 24 21 19 16 0
35773 26 21 19 16 0
35775 30 21 19 16 0
35788 24 24 19 16 0
35789 26 24 19 16 0
35790 28 24 19 16 0
35791 30 24 19 16 0
35805 26 25 19 16 0
35806 28 25 19 16 0
35807 30 25 19 16 0
35822 28 28 19 16 0
35823 30 28 19 16 0
35839 30 29 19 16 0
36044 24 24 24 16 0
36045 26 24 24 16 0
36047 30 24 24 16 0
36061 26 25 24 16 0
36062 28 25 24 16 0
36063 30 25 24 16 0
36078 28 28 24 16 0
36079 30 28 24 16 0
36095 30 29 24 16 0
36317 26 25 25 16 0
36319 30 25 25 16 0
36333 26 28 25 16 0
36335 30 28 25 16 0
36350 28 29 25 16 0
36351 30 29 25 16 0
36863 30 29 27 16 0
39321 18 17 17 17 0
39323 22 17 17 17 0
39327 30 17 17 17 0
39337 18 20 17 17 0
39338 20 20 17 17 0
39339 22 20 17 17 0
39340 24 20 17 17 0
39341 26 20 17 17 0
39342 28 20 17 17 0
39343 30 20 17 17 0
39353 18 21 17 17 0
39354 20 21 17 17 0
39355 22 21 17 17 0
39356 24 21 17 17 0
39357 26 21 17 17 0
39358 28 21 17 17 0
39359 30 21 17 17 0
39401 18 28 17 17 0
39402 20 28 17 17 0
39403 22 28 17 17 0
39406 28 28 17 17 0
39407 30 28 17 17 0
39417 18 29 17 17 0
39418 20 29 17 17 0
39419 22 29 17 17 0
39422 28 29 17 17 0
39423 30 29 17 17 0
39595 22 20 18 17 0
39596 24 20 18 17 0
39597 26 20 18 17 0
39599 30 20 18 17 0
39610 20 21 18 17 0
39611 22 21 18 17 0
39613 26 21 18 17 0
39614 28 21 18 17 0
39615 30 21 18 17 0
39626 20 24 18 17 0
39627 22 24 18 17 0
39630 28 24 18 17 0
39631 30 24 18 17 0
39643 22 25 18 17 0
39646 28 25 18 17 0
39647 30 25 18 17 0
39662 28 28 18 17 0
39663 30 28 18 17 0
39679 30 29 18 17 0
39865 18 21 19 17 0
39867 22 21 19 17 0
39868 24 21 19 17 0
39869 26 21 19 17 0
39871 30 21 19 17 0
39881 18 24 19 17 0
39883 22 24 19 17 0
39885 26 24 19 17 0
39886 28 24 19 17 0
39887 30 24 19 17 0
39897 18 25 19 17 0
39898 20 25 19 17 0
39899 22 25 19 17 0
39900 24 25 19 17 0
39901 26 25 19 17 0
39902 28 25 19 17 0
39903 30 25 19 17 0
39913 18 28 19 17 0
39915 22 28 19 17 0
39916 24 28 19 17 0
39917 26 28 19 17 0
39918 28 28 19 17 0
39919 30 28 19 17 0
39929 18 29 19 17 0
39930 20 29 19 17 0
39931 22 29 19 17 0
39932 24 29 19 17 0
39933 26 29 19 17 0
39934 28 29 19 17 0
39935 30 29 19 17 0
40171 22 28 24 17 0
40174 28 28 24 17 0
40175 30 28 24 17 0
40186 20 29 24 17 0
40187 22 29 24 17 0
40190 28 29 24 17 0
40191 30 29 24 17 0
40411 22 25 25 17 0
40412 24 25 25 17 0
40413 26 25 25 17 0
40415 30 25 25 17 0
40427 22 28 25 17 0
40429 26 28 25 17 0
40430 28 28 25 17 0
40431 30 28 25 17 0
40443 22 29 25 17 0
40444 24 29 25 17 0
40445 26 29 25 17 0
40446 28 29 25 17 0
40447 30 29 25 17 0
40683 22 28 26 17 0
40685 26 28 26 17 0
40687 30 28 26 17 0
40699 22 29 26 17 0
40701 26 29 26 17 0
40702 28 29 26 17 0
40703 30 29 26 17 0
40955 22 29 27 17 0
40956 24 29 27 17 0
40957 26 29 27 17 0
40959 30 29 27 17 0
48059 22 21 19 19 0
48061 26 21 19 19 0
48062 28 21 19 19 0
48063 30 21 19 19 0
48110 28 28 19 19 0
48111 30 28 19 19 0
48127 30 29 19 19 0
48571 22 21 25 19 0
48575 30 21 25 19 0
48619 22 28 25 19 0
48623 30 28 25 19 0
48637 26 29 25 19 0
48638 28 29 25 19 0
48639 30 29 25 19 0
49117 26 25 27 19 0
49119 30 25 27 19 0
49135 30 28 27 19 0
49151 30 29 27 19 0
65535 30 29 27 23 0
