1 0 0 0 0 
1 1 0 0 0 
1 2 0 0 0 
1 2 1 0 0 
1 3 0 0 0 
1 3 1 0 0 
1 3 2 0 0 
1 3 3 1 0 
1 4 0 0 0 
1 4 1 0 0 
1 4 2 0 0 
1 4 3 0 0 
1 4 4 0 0 
1 4 4 1 0 
1 4 5 2 0 
1 4 6 4 1 
1 5 3 0 0 
1 5 4 0 0 
1 5 5 0 0 
1 5 5 1 0 
1 5 6 0 0 
1 5 6 1 0 
1 5 6 2 0 
1 5 7 2 0 
1 5 7 3 0 
1 5 8 4 0 
1 5 8 5 1 
1 6 3 0 0 
1 6 5 0 0 
1 6 6 0 0 
1 6 6 1 0 
1 6 7 0 0 
1 6 7 1 0 
1 6 7 2 0 
1 6 8 2 0 
1 6 8 3 0 
1 6 9 0 0 
1 6 9 2 0 
1 6 9 3 0 
1 6 9 4 0 
1 6 10 4 0 
1 6 10 6 1 
1 6 11 6 0 
1 6 11 6 1 
1 6 11 7 1 
1 6 11 8 2 
1 7 6 0 0 
1 7 7 1 0 
1 7 8 0 0 
1 7 9 0 0 
1 7 9 1 0 
1 7 9 2 0 
1 7 9 3 0 
1 7 10 2 0 
1 7 10 3 0 
1 7 11 2 0 
1 7 11 3 0 
1 7 11 4 0 
1 7 11 5 0 
1 7 12 4 0 
1 7 12 5 0 
1 7 12 6 0 
1 7 12 7 1 
1 7 13 4 0 
1 7 13 5 0 
1 7 13 6 0 
1 7 13 7 1 
1 7 13 8 1 
1 7 14 7 1 
1 7 14 8 0 
1 7 14 8 1 
1 7 14 9 1 
1 7 14 10 2 
1 7 15 10 1 
1 7 15 10 2 
1 7 15 11 2 
1 8 6 0 0 
1 8 10 0 0 
1 8 11 2 0 
1 8 11 3 0 
1 8 12 0 0 
1 8 12 3 0 
1 8 12 4 0 
1 8 13 2 0 
1 8 13 3 0 
1 8 13 4 0 
1 8 14 4 0 
1 8 14 5 0 
1 8 14 6 0 
1 8 14 8 1 
1 8 15 5 0 
1 8 15 6 0 
1 8 15 7 0 
1 8 15 8 1 
1 8 16 6 0 
1 8 16 7 0 
1 8 16 8 0 
1 8 16 8 1 
1 8 16 9 1 
1 8 16 10 1 
1 8 16 11 2 
1 8 17 8 0 
1 8 17 9 1 
1 8 17 10 0 
1 8 17 10 1 
1 8 17 11 1 
1 8 17 12 2 
1 8 18 8 1 
1 8 18 10 1 
1 8 18 11 1 
1 8 18 12 0 
1 8 18 12 1 
1 8 18 12 2 
1 8 18 13 2 
1 8 18 14 3 
1 8 19 14 2 
1 8 20 16 2 
1 8 20 16 4 
1 9 12 3 0 
1 9 15 3 0 
1 9 16 5 0 
1 9 16 6 0 
1 9 17 5 0 
1 9 17 6 0 
1 9 17 7 0 
1 9 17 9 1 
1 9 18 6 0 
1 9 18 7 0 
1 9 18 8 0 
1 9 18 9 1 
1 9 18 10 1 
1 9 19 8 0 
1 9 19 9 0 
1 9 19 10 1 
1 9 19 11 1 
1 9 19 13 2 
1 9 20 9 0 
1 9 20 10 0 
1 9 20 11 1 
1 9 20 12 1 
1 9 20 13 2 
1 9 21 12 0 
1 9 21 12 1 
1 9 21 13 1 
1 9 21 14 1 
1 9 21 14 2 
1 9 21 15 2 
1 9 21 16 3 
1 9 22 12 1 
1 9 22 13 1 
1 9 22 14 1 
1 9 22 15 1 
1 9 22 15 2 
1 9 22 16 2 
1 9 22 17 3 
1 9 23 16 2 
1 9 23 17 2 
1 9 23 18 2 
1 9 23 18 3 
1 9 24 19 3 
1 9 24 20 3 
1 9 24 20 4 
1 10 18 6 0 
1 10 19 10 1 
1 10 20 6 0 
1 10 21 6 0 
1 10 21 8 0 
1 10 21 9 0 
1 10 22 9 0 
1 10 22 10 0 
1 10 22 12 1 
1 10 23 10 0 
1 10 23 12 1 
1 10 23 13 1 
1 10 23 14 1 
1 10 23 14 2 
1 10 23 15 2 
1 10 24 12 0 
1 10 24 12 1 
1 10 24 13 1 
1 10 24 14 1 
1 10 24 16 2 
1 10 24 17 2 
1 10 24 18 3 
1 10 25 15 1 
1 10 25 16 2 
1 10 25 17 2 
1 10 25 18 2 
1 10 26 16 1 
1 10 26 18 2 
1 10 26 19 2 
1 10 26 19 3 
1 10 26 20 3 
1 10 27 16 1 
1 10 27 18 2 
1 10 27 19 2 
1 10 27 20 2 
1 10 27 20 3 
1 10 27 21 3 
1 10 27 22 3 
1 10 27 22 4 
1 10 28 22 3 
1 10 28 23 3 
1 10 28 24 4 
1 10 29 24 4 
1 10 29 25 4 
1 10 29 26 4 
1 10 29 26 5 
1 11 24 9 0 
1 11 25 13 1 
1 11 26 11 0 
1 11 26 17 2 
1 11 27 12 0 
1 11 27 15 1 
1 11 28 15 1 
1 11 28 17 2 
1 11 28 18 2 
1 11 29 16 1 
1 11 29 19 2 
1 11 29 21 3 
1 11 30 19 2 
1 11 30 20 2 
1 11 30 21 2 
1 11 30 21 3 
1 11 30 22 3 
1 11 30 23 3 
1 11 30 24 3 
1 11 31 23 3 
1 11 31 26 4 
1 11 32 24 3 
1 11 32 25 3 
1 11 32 26 4 
1 11 32 27 4 
1 11 33 25 3 
1 11 33 28 4 
1 11 33 29 5 
1 11 33 30 5 
1 11 34 30 5 
1 11 34 31 5 
1 12 30 12 0 
1 12 31 16 1 
1 12 32 20 2 
1 12 33 24 3 
1 12 34 20 2 
1 12 34 22 2 
1 12 34 24 3 
1 12 34 28 4 
1 12 35 25 3 
1 12 35 26 3 
1 12 36 26 3 
1 12 36 27 3 
1 12 36 28 4 
1 12 37 28 3 
1 12 37 30 4 
1 12 37 32 5 
1 12 37 33 5 
1 12 38 32 5 
1 12 38 33 5 
1 12 38 36 6 
1 12 39 34 5 
1 12 39 36 6 
1 12 40 36 6 
1 13 39 27 3 
1 13 41 29 3 
1 13 41 35 5 
1 13 42 35 5 
1 13 43 36 5 
1 13 43 39 6 
1 13 44 39 6 
1 14 45 30 3 
1 14 47 38 5 
1 14 48 42 6 
1 14 49 42 6 
1 15 54 45 6 
1 16 60 48 6 
