1 1
2 4
3 22
4 152
5 1262
6 12232
7 135544
8 1690080
9 23417928
10 356958816
11 5936071344
12 106944112320
13 2074955738160
14 43135041684288
15 956498746867584
16 22535656688150016
17 562187777547687552
18 14803856501210021376
19 410341578632728752384
20 11942796083017877185536
21 364141566064571517418752
22 11607532093950790287928320
23 386094043434731759260462080
24 13377507066965375299906007040
25 482048451889669619671681152000
26 18038343974250886144819846410240
27 699998225356244170942437912975360
28 28134370656828773296958380285255680
29 1169770713787268976353879603786618880
30 50257945884529198896109519123912826880
31 2228933014670804439821287883861286420480
32 101942027438314235786595743502119725301760
33 4803684738333922398643691060195298231091200
34 233015525207033010184021099402351235214213120
35 11625982816090743620785380220794194088346583040
36 596174944710973259952192428831064946397089628160
37 31397830233403623287674005267492256065713066803200
38 1697096605373110831259447134869357151473409346764800
39 94082506106164574198830335611696882890954034251038720
40 5346075103536978318823990846740788582629216690356879360
41 311190741699756815716240222423839324464595854046615306240
42 18545452962173626660687391801809993502074475410056916500480
43 1130921456053630961174207356870711553455001119137564461629440
44 70532175505149669198554979207507426701232490900655612268380160
45 4496632895620067017125713866435924109156701117952956388765859840
46 292905558464983703422485788566650363398588297228059361394535956480
47 19485482887128094912466430966370516828423728738525106956861859430400
48 1323273377354854163762433995108816100338050188771456232139736376934400
49 91698430340030834989042484016797954397785020098004683293493854679859200
50 6481483203924521807998494841744852756392261249353979239368891998142464000
51 467110968992550586406111375850617104351218382593035037499675635852981043200
52 34311385681290826876454641390946814060126356790703730952793329602652851404800
53 2567877722670245240502634907827618008857323570915253684050618721212116133478400
54 195739895147702942927994537415698088901449355850552940881065139717248337208934400
55 15191816310914856986698203110918525192997409584583352449395453339193100680455782400
56 1200126093637886399999304035077257765004249305742436420818835830560700329366021734400
57 96471091936480799943717697793902822999242418489338906017645501746597355404091247820800
58 7888447292690735738592432127246465480520639647754887450017953661455329801817529778176000
59 655971695932609803927296238781303442530839493896268488627458655981926154088111050168729600
60 55457113091788717058218007095081261476970821078821182086209024068800125973997494190945075200
61 4765311222327124753210715207895634260461988638394682688293196008560214153168908608208686284800
62 416077413790896727033943315890952292380090793483991846988972940216557096527395286474920296448000
63 36905954122482973699322829339075343841217568159144974101465486094443629342025696928135534084096000
64 3324697343551642806471520323174530097889042559196839283525280409687267704918608267879992214002073600
65 304115372949294376744668264954360374089569415316519213119916669582020488501286806828177014295153868800
66 28239402212568087733095263812060609138295252907121860058879633919529411347858401285571014776960791347200
67 2661379051006949771347581592164774637180443480266518863521885175707094868836932034320722663165437306470400
68 254506071291595214959846692137167728245284457584928399966465881677192256730981357787006166340309506798387200
69 24690990320259849587132490816698013357415733960946557445204873394475972155008482559206163917324605463514316800
70 2429624622255914347722061174604202995994290283763899893708089735232106231778989616957216818479221222260552499200
71 242445428076161723803887775004689507587702163298766311858956215444463840562597179104266491864770341776602326630400
72 24528962606059171030014217706461651401814800249961657201822604824523137293335165616176282587335726786727787888640000
73 2515667407107468382987047647253740563823064542784988673657010585332382514594396727544593963989422165587020058984448000
74 261491037814072438814303556409276614959681256358167231398074550984659702068619110870461851720118917141308691105972224000
75 27543093931818498146231618325763542827209065764778554903731682364965814692926066347381876644550892873413645237705768960000
76 2939312561111926192183818758297720319433392882594519789196806236457749976398038157058441641027736856070991363201212350464000
77 317747904786349345773927201894756401491642255119434155677584567785460891727317153485437521633014244716535168880154767261696000
78 34789814175146394410918543980235340568471108703900805809623735332550705772754519715057953337581163239429864912192928625983488000
79 3857308890490317239824542670660624067509535488240264152692358384567062123264462871526454472691364729826349309634508177285316608000
80 433023792517870035572956988592826899719457505676259998431407647002065313339869852291829671790189940677987825495803621446441238528000
81 49211650834655178136286678591166297709928300235480330641864916809826272806188243803524019470559997593572636854673979713950421352448000
82 5660937350059888582680538287340446872178496889621577273019689329376412471155969329481125276686829563085967807225223110734549348253696000
83 659037241530278865560069438313518578075232191325092579579265654259549618688566883766957630266966863353867168029581491383009478726123520000
84 77637439668504142865378301752757784622877868091133159200816257504945840983944716168226150668739731057567548818341664707685659383171121152000
85 9253626754589858930477658038912549920104161306784036337252019044804769865629193430749590825357710766178209251776601398995392179954845220864000
86 1115767104128233556160493683548749687728166016130772737574377322250451352043537338707996439023490028257022495532630407878974957473858234351616000
87 136081330693040556651141819115215660993170281549544325071223748124783486839969472054202048016516216151025620993219032093926225253879706025984000000
88 16785368356014338053806736464300519653520032040402952897294996363232814365211530559740418931816373283559318169614519574025908254882468812564725760000
89 2093706049903863683160735077827927735318847684202507319144541010953319306935663909443664765278009208005485930834807908510138043789466212587066621952000
90 264058056509565540715454850859487878238941821740555610745783763533417768203825243999066555797357020308630552399520332298884566381271862852727347347456000
91 33668949952705698473286610374146872018413791584643406151532104022686335146678229886755170393550608929283547125313488568254001329854255984782242085863424000
92 4339651383985656925376959614677982379136484478337580481895557855456532958934199826940974441308804991241478828232615891965956366954854008213806665053503488000
93 565359922373949869156526454109723721934332615451596376415068699469469545836025814848098911614035671994311738038406535260240257298265659906185443809536507904000
94 74437357286712247701939887222634569564023889803053845673489724025214600674040021214639123908499710710054697567909248542751856671384274037719568710035514064896000
95 9903860202338031447491963205543265148127583692197204685194306787896391919215989536379300886149733696917821241541554526290300464782322055291583202356150763782144000
96 1331430673279685224069272784798902108117117276621717516450677031813864149990928596875683771738444394318836412394550062029411173789166554817484468290906882559705088000
97 180836859328733566192031750870610325016948179538217892072390307258408689958464849674937348717764965091290336434638113434353844866590014498371381501057436382669045760000
98 24812154266198936286147788304986432634547473534394122119221671829782461722816438577459596480319428438709362291486140480735270015472561444744779098677991239260076769280000
99 3438799024672566331066733444374163343197792621828009394768611860000859882910975638214047301530812746382714837084884560226599654747155573130063590091944397676880110551040000
100 481360545774148352811418414559621349323226238494519787614419771348680869558778120172785508303897462569303778480375564448569025779513738891272805212408103394314264405606400000
101 68047627010386505040429130270831824302194747874487967534679924602832579515621824746041040467437825527306531982135701018124652055678014178888141029561644979874468782449623040000
102 9713875474520042348980042461947576656198104960089680570238159571032122455791567718980718712814579522197651590256547023703183408556294955338259420432777039293952033206891970560000
103 1400129458940167906075410778359996324799861096081924538848728091662192976670243327226733129707769936356866583449092438078693855267907999135615929970574103848568564660753536122880000
104 203751030824305242069074891519576226954789466549687207370032420655747799774348716842802882842574267805645174994168451582280183181175504665972760206195205334081882673597816850350080000
105 29932845365663872716083799318482118722666310375733913792078516883026326028091058019739581687587836377049189831450799991895074581224449105939374306700240184700563714011285557220474880000
106 4438887128821263075317502695957931070869583578708193735240757778835801903106150792531644099569683220199317905775188309181136119411603576537127007587493968723546928849653346174112890880000
107 664416149065214938013997250402991996180018834265560302642531631328980480061767208358142932050731682848201011239238358111883330026809778403838591289998099648662898610898971032129225359360000
108 100371173060906312157095494001418835952607937011112032232404844907662277221269527386410599547882031473411738038080171075981502376990700112962373477099695520009348385633323614393257374515200000
109 15301852356569194665571676926545974496964787613690097260086651074638302632678267844626188249873134138844240670487829368361208723341906432732100724797158321633268264254589102375200165797560320000
110 2354015446557250243202767239801085447924321172071297594466039774393980911298675203575365700044341596428867708033482041969586407857271873939665569460668255522129472234377717668174539055054192640000
111 365400934034913503629445508061260183636329150218565959832747772437266451461012234014658970394965043133305987106729025931399259207392737620170995686282709565309905339555352534319205074582068264960000
112 57225608432258275650877604052001899334019320776481283771082613682705636895455317375883053553681966796770722166859177359422237785764797069243125089500896087425830967051109270307436400152265778790400000
113 9041439746068094528589351443219201127267710078480123256882039017906850102016916155783486990717694711927176556209435231547007476699595960889055171094026047094557405020466111129939482991808760250368000000
114 1441045703805970119760651568840425663431467818046088720873035969383210148271275989938939059259400741057481106430918997365264301394447622494886593552838639492376198260223916889699156762590531412316651520000
115 231674410404116074149552014871549179308986235423111299292396408750840082780435977207137980757944225509869562977257685676105542257795352295793026382759567734856718643375249137091555754766405897699679272960000
116 37566977125430227334655436678804461731739483198779181579872926027630791668165864764836119248674056608202234043229933995935384617814141174245838303542445425777631704979751123441559908423008009823947524669440000
117 6143708193862015491711714336771691296780143254157900798903131275351289650278972530290867016883687502505364119004396877830421331673769941691556125259112931211860821772463575784077310510848506833431775653396480000
118 1013257585243639737156114536615978277128509786039295901785795017052445340360092894962679867670805018108400592591083689857581237351496985088516900832043335856902563684315991413842181313708372486642871171064791040000
119 168516888545608463172528674845451056344412768435583100213312411608955353838191143572025234106959307060519786070933011641196886202621528813636818234506511736465360259810528344219219136201934769571866114361823068160000
120 28259932771767563400862328830548849671658681575611066703265791818428048112338957128430736263587410532306726645035287101608363387207726842973291953516537265282301811413953213215317722325890729172814931451803273789440000
121 4778298507115475001197671509650666097942893061800708705237927294088921948388523693822706089657257728492696838828593610180644094919185640693007502540490078041763577837112366680897681361257503959884002273607033531924480000
122 814555557150651235708031956958173273062659869731791523084992204740329297154909816385268330032928188766822721766886183371469734700765340960756169268206759452315129808950129786093061801756188223223109197010765679375155200000
123 139986036823737715098532313155466830753082467452453014607890020928711984053843182186102997889769310488328405928619464301137793767954351019071907909870443851508122247003150198006541232172519394954247924362626353267212288000000
124 24251413326140833350701904336087352753926848980866108711250258112534018360362967098745264227648140775167153953295698624893622503794878017504933636077433892728168555586813572827747531854663727207732673095390708626198888448000000
125 4234965930554263343095789699818050547981783777837447091611084960049491059438642400859622907021712413758172021123253778973580918000080347571075763640656122080698539752735645134828517786797710523810784975609762208346999357440000000
126 745411286145974050020292911893460424881620079415530167795079009517269201723308373972144635119648072988014501567079244429200489176468501307852780400029709143933388737686540834108758422119897309128142518913725936483918485127168000000
127 132235559139112602342814300592014323201655093957577732077455410574898138299720123416177378879431237791632241248156694367146109196919956353208824225077636008107389152294099724472393762040391747360193454840123915681205971375357952000000
128 23641786356864903745319316159539665161438083241271740779090358789306223167623187271102890264163626140931799374108401114245638578425019218513466046657819007956803497425613121669520165946683465167175957147701503184926165875541671936000000
129 4259571994082494709454955619522171722542579991806728931623248955863514180730814895916136413273561916309356028935983387091838157571057571261870391292611894830663314203473436826727746467091834696704486490906104968479225886104172363776000000
130 773356216422267576962899246223874053245752177282535767279362571309940973152392871655429550364186368679381529324443750202671755123109470596679616032397406490284818072145267305079651923946305929540949105295496561059474921126486297542656000000
131 141480255119237999881825774923878314355417070191403861092027219743016367506752669109625616511511290097865171116804021037250530563008957759452268003361655021074992276589274415934311396097450054828365193266942668268278275804847485134831616000000
132 26078931731039953311930946563054431904088308146992993333105429240622196715002576266383396792801464443333642319482297300138070899613788311216674776452419983180622195623062704302923067220199898322216603603356307693734501347625608960825884672000000
133 4843250344663483834326570852791916753877000595367339627263285612822642643094868881803050784644476162955531773684506921397647102485496734253162026051292699540712709958842613366348588779306473063728490451945720527812539055933365298790441943040000000
134 906176945248944154308347859289285078078185458914423146666694321892412737239352740128088035258946660519143962214213270416076967174484710701822907672644401950022858562256088910627388741992776619072132345699662203077084967803742000614373551243264000000
135 170802506401355145524953320211008351745163014186729769720610158938957147450920324022964470663034231957709283873744626685092499703478129331423307007038619122866037394732385102656601714924895179198604044146623524618595902324223304100235999767953408000000
136 32430760182637977394314258717397625723232637544025689084228041523278512284538380387906007030132057631701211814772068135679341056372252370379872101541474882036860079445353927219514483760159161742979547583657587213125295165850392660556191202617065472000000
137 6202668019018864308472387749585814748023794732531670397082137499953199970012137176499897265402577352777397198947521900666449499514446286948252989933040128846542169849815243004418280989302755867421141053914487638336487988491254020456242626880402882560000000
138 1194911277046398181748582974197896690577218429297013789296296424450950615926814563778665317339945228580002546614086708777512988447127303505299530981935414716440950246044110867203836411340747595980574844925333741781128732587199778731013447741069569556480000000
139 231849422101374074144815672679678262764442853354019406441342752149620155420505938758039570131827420657531324069643606919911571193232571648497227465393731591263163635366070062901022485717161658074341802862042768842283570577516575748107986855526040699142144000000
140 45307223904685617400978074051035922482746453038276005400127293542506177230047213998070253173804743344064471533415384565108254183893860411431384542785547016063221743004887323321865517873957373461947205905158038161684524159283560471950689827452032087010312192000000
141 8916576073869858330455488087485037125415646749274530397138221285589211077899290904658398487781577354577664727009868995239691253276221737595129999215921418294674658282344530204349988276739404340868262923594189608040328032576837200601684408228094962660129374208000000
142 1767162466890616464348993132601623591044408530030417632123114319853518214996207864976502596026511773002167839590400512233770907476155400417667535410248514154032965007261284558589201901480695919011539749586092945765847129066203146080962205340318792153359896805376000000
143 352680374442061809114119085639762657477113562980816332978995378565243974773347582733594503592272364642045881704319827690012081154421867740700524771869105362628663294987930144127276941974625158690500159835322135329326729270634208403965540525392941188834623842418688000000
144 70874762675959698890937966618899731266677513017136329768573641388586687164450154181098439524721483041290711899344973984944720013606470937171586936742123608293757232756401574225522597879393537262414339129174745768565420250260175186538778449060311167399099481710395392000000
145 14341243035078756034426219932469980999433712149584643350153598585554195813127168745370267177785402476637480897471831434419703323001614122822993960918936335755943409485779363206485663331014861997183224216727244673917289861049535995521911971589537660239477973533765664768000000
146 2921772873399469033809234630784139856753128491970233359200640427379942964667362637826964247297506781559886267377158074122617633722813886797962889408269416814603741079912180978280350588243968343786548747326862777356989017364079120975211713631644099373348524056312048254976000000
147 599308573022671142401022816020126872163700263890981660021652584560190509702897380497106014625190458345958183310607591480143751614623783064288354998082457150457368073347007227591465198763947396760836392561258804181642810112817652544947158339923098246813584110008242284789760000000
148 123759652397523932287955520350989189795601756556101489860277396711176879288688681039491310687740449442083232381561847059381583519445183452342017174825765539080331964593536025300954717461509587494090336400105035173216174311228532069974070561365690375438127562383752601786122240000000
149 25728393072554717887458110602946328585224201735621168107265989034537117925356780539347292324629610827613992749285964969497607128934879174740220164680748715291463869859081656048080536885251842088651437541929798213753233533185057002162920551866584194874592956146118022910831493120000000
150 5384333250679466042588174322093272768056485856318213494470562701607871154815731495607285938168681648408389554670398257109117257103971036739856960115504461257588987733053983964144623065005162779675018789272167914868578433036525539751573300317644027833768147747690990732761366528000000000
151 1134273646419390226621875416859309784186566505202271554098279485591316910896415571916248637903472131659316852136048234611948753663395224647416426332828629329104877518412301036815543632293891380755159668932918355865015765658031432213746718546056037474282763179534450582732262835486720000000
152 240520221371047772336301941939413962025827094817835038772814382329040675528391487562740602913904686295598381154393749316366363778816527456898032967014918878008960742966471063735421929992015343243386330910895292605566943656322223783567338405016034605146224639672121884709900584568750080000000
153 51335126665682418359626973737673151498620978704068950485981447155170751345184676699884719005110946212726372387986286979317351888452541016768282476986063906768755928856208319545600999873653158005304916908565350448502070075099034917398616291980946095509012486032387322875879555133907927040000000
154 11027794342400481360125243104704548232020409479746048906510285296533004312419521697437059784103464858736195268950857737089029924633625709541142059897721429091135326269241174451131805204269359902311356568900234965685128546533256433075528226410184813668836818259583795886822370046659673456640000000
155 2384270793839602424383484126672721116763748915179117199310816367845286952473099618003440508178140670105025611838165771140572364295417355502789331509685509713886825529492717207066120232408727445332817673158482799568259933395164049199494238192576020622917594468790700320121912783673718619504640000000
156 518797116451150860748795411846037551435805561301696129331593690740683958439704624661678322747579043132875281016924974561967265332749492683046931001087836485459308803040628433532846114916812658176728320602619355336627593937412540253840904354565858942771983744407124784746485849400016591325757440000000
157 113604873574686510101788009984703494465031801554301305519407343378209722613417149127912345693803919552145618002130639480295165453467428390019027485372605852066152574224999975150339766337552053143356896497004377579437572051444518399196172456934400240306454479142352688079032446970185927837907681280000000
158 25034355161833428284984471869817667613942613202854167222942622769910514644902628752097301302542286797355186180023073838294670432071142140804600235078204407427757380138096320253971852014750783350580777869411497530502198384736805915592191548983527786666060809385050347598196066707096616496061323673600000000
159 5551351337910737238261486004916499592716376946110807870387071398687979991751488899191125082320328292881898243920247209143490320953593356904147888845418065165080594097402861962374368195289088712954161291577138074632204478494749748317038578112389411144178066665720257681827093912756675219047883063951360000000
160 1238702209900781462717299303560620813695772287412809303852499514520443330312694378935400666657774206542918306686306728204728741080284488035050153876009433616924952999345279706765152937858062413019008538114473106301716719713655473490546619972153913865702165200804037926133151937434100507226289812401029120000000
161 278114895104146850747779529055577145421261677117412301715638762859099622155287108772008954733228870901226763570333147706387027585195750849411398921865464386383756337315366240676447568426649998756254469886894881331273061872010141008039040167139519535266952801026944272892969623242937851451032496872336916480000000
162 62828136091120257386441885723178081462995273619145326713804744601885571801922741315476546986556162965603087667457821493865019068702563795793379675658953710961361688956427168325039487885510160045976834728413142536022655036675012637483089920579540745475159187893950825425461568982913781632129416362779580825600000000
163 14280399134330775711119652205420264500256867613457682563573406984940575303458113464958980100572481504935586615106821723412369575976213391915771176830999143905359354070352292489058353711069807102341627667849076786516581311811206681374008764581198664422254814840952929931247760698264490752701685887719314974310400000000
164 3265627258542796830099069150437706439509637648271701960628921917343954839165443270166518375188409986012577869947677660956001653732426249416005008178182320844597163381574288391149563059566041062214709848508462934961947352971545885159859772805394995798567213216250934483460336900959606605957608187612253529476956160000000
165 751306286447122603519058177055595962329057402268985520815540174083718194902086438816222597372942136617740262248007214418717330496408693316849255410657643909867361060433829989429945798714334966466019766575795694518785676635708682046302345273748244700698464782941038918122722815958788346036560152563558451058395054080000000
166 173890483936567626494510020805033823724351762909068809881326456228697708491573258411363607706909268965033894419328152056199115934745274747089529505507673093340882129508548956245597757437449042877899945816247741395733789643028466061375000115315647739187790546986371821905450451261230213587919026359303949302704604446720000000
167 40488102155275915511790318107824168817724634411385625931348673963628965042343805474717645651246072747540668883293040339030602061474143900366901793088730443009743983556741875104464620955159948221303393429223511661012594400098801510369688484698077688736584758657245383645528962553830439708088085695179770440364649286205440000000
168 9483233561972875736914515498944638844939733628159907359126034720395046519855210118060707172593105571031521488017496825414965146969562245958095653873434866564833010378033107605364528883126042524164254172623957444283225034449309527347227925407063713253187041617946767476528936015195546602303722013351396745230158653628088320000000
169 2234331922792185704737614054863628009118007050585688741050511969303080944246141123575303920969890952795729468299795654014071123808906345638065822469037463820507412755346363598662853208097189898338519053128315226161972936216468351919082450944713265500185521391070323673379759869600963145747781197026465323630775532228423188480000000
170 529524578403284840367752484657383252698100625783449224655354055150327882155320563643243054445860882136618848474472482048449008319414579578052007880634778222035587825894995635820486724930126002872400766394156211883755738405294521430112766576066233548722182828589143808686700556788697734015628338113311291911401838475461808619520000000
171 126228346190900682013523688328191072209429381140757907687267559379135331851611811666101476318537593825702645449638042334092841360869871970968296670136822261102971810619794238578619029955383191420196789153760887185534526172255645718417690656388354668410006062943389422630845115469751367065102103356053878017683932193153986529853440000000
172 30265323307312725936814353000665523589187499204431328812501870678817024136861373396355225576673395342540859620767239303456603544989053271089275449141437744004899534984937633105053383145916561673191325162222257286350100647800555995933721849192639335312265472560430196505809071272606712000611201841006236262596464353967055469490995200000000
173 7298555050398026737068132649186447170828183704118053598720866614370758898146147789087462369468605174010724969276733475246349477893890485300329279354788334857457954925334301945908635287755582393475479126641969150377412973376837302484788452435022256806463707549712231567832777358626459124394427659142907850984823038115509880143164211200000000
174 1770179304433978018356148156937636641128402820567156889738638142984937332723404802486098602549876185086990456618963953267897561419610146613655681613257162980522129623666825270616767162405079160055200936593793813158426067740677951155212894858932703024307090945305445163995926270942182330908570022713222774251138439504844942033563523481600000000
175 431789670839716285579531089006099297033182177564836436535500979123654602446269664302743538149401275466459632450727854062004639318036747649053985715555754358146586996521524849577093202230014151929095865957010782455819708454096578611872358872361986869634778614155977364381269407505860890972436774473065740418267913630903623640130657452032000000000
176 105922406129685382929318852773305662664265890247140092902405083031502991797370256895753994628021679521111397981550497261318815204681548005580548069468136571067193017310892651733591339872448500187318700329676645668435953886989474748691680730186029952490531745306546709176026020344627042825855537933718121575700276019322392700422739159783833600000000
177 26130646944548841285315338713489953452983704178363502586526487433544791488789444006289302968507246393798825664526897378079052459621404461248280019839925049109202159640684533993028660652536194536277695555212312880334891219042391625760591678615342820832523301111306833839738901557470091358009713301419270498640400399815568256487674243071764070400000000
178 6482544629162129732720160070019294516712669096873233063214090835482695840843801399069899442639492460964191180355885938508460257346726531856770607428251743051412018068273191041071582939842578042566429995215881026651586280108881467148442235960129959865299190477228964052955053075892539635426692732380999538311987122782067692037383951109254755123200000000
179 1617187376645850557820311915863357827449369507059627010970932465929985477775981192217783835452434068083278413006846130045397934790606229108057011833707876897383427931439508182076483160742907544380115539271356384414212610674539418770698561714967404314058327157793965521683893386521005889708033033939171501693222729879589570469987363886285058159411200000000
180 405677797586005387923518830922596152493234335963907136362027400917929375252648382530310795364593008437265299071485439286791546094462057111808490784449426547284542820516022237647803499292972835747392573209277893738358465515828579203393143116031323434857930409441788455929529520232717587419742784627579824242848766408818191325897753797351555093181235200000000
181 102328109339475071401744106845177307141328818235743889020585229811980008382942013167179409391357851153210902086530817867145662656427655420652535297137123748307722061758211860920669644101966946561393050843255875176792538934363811609735830354509514105319984830655884524715820295961498775387232804573917243694015114289083020671110217777930244940104938291200000000
182 25953047520051498892876719803662263165885991093732918262317370197198217161801891010796986276443403340469668210380192276091682306606067909531583318515805681143381037970003163255706801472653268075001413738169243268258759604242418119473306004345701663074784734650870181340509945185651001925611841763743071536084617221485260089477935335356771891074635818598400000000
183 6618331359574728427846905572953045178436231097444215940889761043978875199730421115910959072914552619212143428420181072371473949993545946342700656071954542777825010738634095835354520522442583482840429996685855473139368683182877496721708306405782732868294025508458968904377099012856579094925166915852497272711275638137776003945617288883872714052101575016448000000000
184 1696924647621142467445185057849672090465647155349334489529421874711450299057121503023218452178868386201710280622798527653200110018441339157110733416963963515483963063402831588253540240685859812460379239069456279105178638024860672732143476842012690274735451475860684796135389021904592889422376140107235226810837125844010909673835023148015850363852244554403020800000000
185 437439326495935155124625426917160241659465572447831958103091076312211673549566170989931263483933536956737503232213084059682506935702087506515416242220014854957103904093157521304677477896219680878440888650262153829709863018723663628985455883024509633308352824933601104125348597534605689352678152413742693187674934859615586454880362980271558315431529225461012889600000000
186 113370941419518604794026310558191889761738977705602963229465587571541202441162760225691449544209457217791877083880551026808720700892129430528188079708950018781046282465682418489330910333672268506539861182251898568417509545888430070586599956334472444974982674608489454367437553525295671968442841346938458255674010402560039832972207769346574492220473025406614005350400000000
187 29539417325975924735325466059249879678403650880837378341891744629985404545370020123325510521922496734841888990020365763059201203580080111002501559846992560354328787709632316927666249878080688639443912120314092056614611560517500651114488500528774072586967449629112998723264311178406518884578975922834338376940333399462626688291004689266948983116867051702156508790784000000000
188 7737596009451182557008243666605618864562106486702295571530019018403776724841449820373682357821552086917365136732108579800615153673447262067546157407630850131679591808178032986632183036659262043735682831407250360681118879210957515543863332364952047855505105797992323003494240467978244924462111676122465275961374501228647947142226146715979934365990548835786432381452288000000000
189 2037520439288554131145407902161258270940030025506616754938071079483363572615474764955204950849945975230910175962080117316524605031511127254990018745077452294961323617576786026110084954398932046602308530206691480249531546790088013865033204922519755009825717163423980111898285804893250261770782704843703066072338097288339616034631092690104592497866859114372658426085690572800000000
190 539358669071264947098377016950618847908113419652252828529617060970654812018239399603035712347340216283520467076356152707418158775307862166782555316621354144649894690795819452607865042975366238549575745062788435387009021562319701029507671339600862503530085585834052831306295801058758308699475033594905775206017409954172230220536116654884679271582702774102348421748356441702400000000
191 143522904415481118866228114029386261511111474341030972929331018647138474099690392101629585927557123547825292797621650471292075860001713166496760018128361748645846997176756997320415775384330669533654503037047029728934190528100733799059171889143230595085767203059919469260103622282345657094526875462678877253577845395734261901264367744198803611844405908443316908359210516453785600000000
192 38390241635783425127380272950550382202734627953201034456147416556175223067124087712316822560163413722779023132447391751750472463739815335553142210015513007451399462921141335327017081566952443785172881853455377603359935277408959071307728808859940421011894201686446076208948980216200970936938939056531531066797748456949422476522070156099164999029391066717720224409570164887204659200000000
193 10322024791188858047437445996748677209655952508205548946319396805082360148048029449790341391275319210386520163064803935190580667302932690074173889664337266112164590660636868963780957351807965095777931313581658435596157201555286096508111658985744204355921688028406171952706476343382271989574741310932407317052936971089555908238686466282959423313736852279306558450268709276557613465600000000
194 2789599338588455447333504108822102112989677896392534756495297731303792333380498234609180655171950644825235885384314154592396447169187121371066930572009122177469285520093333914703366888054854037033709657800554991432182640062883703890226099372211523991098824291444802009055753634749344261108723494473314705617745706339896716070734746879092679822251259257504806532507361099810693604966400000000
195 757774915810249617270712551314273538900043170296115496443522843318186927727213861500405870202902320476104939438844060181457656234305947080567793538507204036363953240919249969030796031507436542361516413011077918361384473355109075473764143838491116979668678541136449627995060210121369852444311544684137018442488502384508307191658714829936566765353674780095869884618231766029187963001241600000000
196 206894417893016554170661559006947448258882419634203087938871941688362895607498056019266427349484446177770298229918659708562086935351899514771104481645510257108859511243404222984450318709963451528826286026721891381564311809840370131172112864747677409953485473427417856567023322533336856956620233046457572251943416405218945457677483960717550911898900633279331646931145583927581841502188339200000000
197 56774887958489154626226230750825139176960095299539831925905964857076814761079162110662924800562525388493477969215564827820668245513633980213551579425156513593852970749004108613525112838512442360239364489053879449359784916526992118503277009675470553172351666730069736485745306818582644031197926935330841324067107320553107217527415267328206735095024609156103808040932053161711009958346096640000000000
198 15658555086085121704323469335441288070121108748946394001147406771169373737747049637780692354171492861276719325906261898335485607606116015672948886972263943439257113311259469135040895535987267064699433759365186134869226388218310670479305190515230484565834659361829440210684832534373915849499450044585735377658971602451492286671287214516061670504902675200344001690913208941150198578619869036544000000000
199 4340342509571227872627358073223154808621352837715110952762145277544338444816878156245972014227303221100210597256502243745482107211111455255888896251537213953452695499450133636330042931790604128526941306132280602888996636901996720333080919818008901072616933686392185300045738732881213278117499206249587798264284702944660453073270233787433104137321847418217154823914131751034808585946013968105472000000000
200 1209100447762099404468664274519188947762119267243971742885459774190896915346301908892695524284340303150371364505282575068594633321052463290908449777692788713121353416801598684420414287522800066736227241245534413736921538815701205086605793450298435872724916607233810631380363333589020604976137499301268641086778745839841771576496346831815353540250151845427137315847912520241467260970194075469742080000000000
