50.0 0 0.0180730913891 1.3244190881 expected 1.25147365458
50.0 1 0.000872675069918 1.48885437656 expected 1.33213109593
50.0 2 8.60012679561e-5 3.4159473828 expected 2.90099184157
100.0 0 0.00887491978 1.22418186397 expected 1.18604811796
100.0 1 0.00024838791408 1.29980319384 expected 1.22110954128
100.0 2 1.42577679335e-5 2.83050753548 expected 2.58330391515
200.0 0 0.00438824138459 1.15620536488 expected 1.13594331008
200.0 1 7.05145817194e-5 1.17936194548 expected 1.13861930218
200.0 2 2.33380020971e-6 2.4777389931 expected 2.35348967634
500.0 0 0.00173963942942 1.09497901555 expected 1.08609815408
500.0 1 1.32059292543e-5 1.07583623879 expected 1.05837803488
500.0 2 2.07456244174e-7 2.18743100062 expected 2.13558293336
