survivor-06 UNKNOT 338 -7 205 0.4347431929782033 1352490
survivor-07 UNKNOT 338 -7 194 0.47521145083010197 1460695
survivor-08 UNKNOT 310 -7 204 0.4443692257627845 1368935
mirror-08 UNKNOT 310 -7 192 0.43382437992841005 1293559
survivor-09 UNKNOT 310 -7 192 0.38064624834805727 1201053
survivor-10 UNKNOT 310 -5 193 0.36540823616087437 1153839
survivor-11 UNKNOT 310 -7 209 0.4459579475224018 1318630
trefoil KNOTTED 86 -1 45 0.0283000897616148 87921
figure_eight KNOTTED 114 -1 70 0.05808250047266483 184104
conway KNOTTED 310 -7 194 0.43739593029022217 1268438
kinoshita_terasaka KNOTTED 310 -7 178 0.41730835381895304 1251547
random-0 UNKNOT 310 -3 203 0.3501996276900172 1106671
random-1 UNKNOT 114 -1 60 0.058553106151521206 171483
random-4 KNOTTED 198 -5 103 0.1683715209364891 547636
random-8 UNKNOT 254 -7 137 0.2484547235071659 775320
random-14 UNKNOT 254 -5 163 0.23603305406868458 762269
random-16 UNKNOT 198 -5 99 0.15038807224482298 482139
random-19 KNOTTED 310 -1 193 0.37708289828151464 1151703
random-22 KNOTTED 170 -3 103 0.11007731780409813 351661
random-25 UNKNOT 86 -1 43 0.03276285156607628 106048
random-27 KNOTTED 198 -5 101 0.1467982241883874 479529
random-29 UNKNOT 114 -1 66 0.0507362000644207 167919
random-30 KNOTTED 170 -1 104 0.11817102786153555 377330
random-31 UNKNOT 254 -7 133 0.24856612738221884 773489
random-33 KNOTTED 114 -1 70 0.05606277287006378 184104
random-34 UNKNOT 170 -1 94 0.10367822833359241 343646
random-41 KNOTTED 254 -7 129 0.2286200514063239 760673
random-52 UNKNOT 226 -3 132 0.1927073560655117 627147
random-53 KNOTTED 114 -1 70 0.056071072816848755 175233
random-64 KNOTTED 86 -1 45 0.03719461243599653 87921
random-78 KNOTTED 198 -3 117 0.16128472331911325 520129
random-79 UNKNOT 114 -1 63 0.06159934867173433 175463
random-80 UNKNOT 226 -5 131 0.19725281931459904 624598
random-81 UNKNOT 142 -3 71 0.08645759150385857 280687
random-99 UNKNOT 86 -1 43 0.029897313565015793 94746
random-105 UNKNOT 198 -1 124 0.1579804765060544 510831
random-112 UNKNOT 254 -5 164 0.32750131376087666 863222
random-117 UNKNOT 310 -9 155 0.3690771870315075 1147484
random-124 UNKNOT 142 -1 79 0.08490277081727982 277256
random-127 UNKNOT 114 -1 62 0.05349293816834688 174700
random-135 KNOTTED 254 -5 171 0.29604578018188477 857201
random-137 KNOTTED 142 -1 99 0.08090831432491541 258225
random-138 KNOTTED 310 -9 159 0.40435067284852266 1235985
random-140 KNOTTED 198 -5 101 0.16006670612841845 469987
random-142 UNKNOT 198 -1 127 0.16916113067418337 524534
random-144 UNKNOT 282 -5 173 0.3154114466160536 986706
random-145 UNKNOT 338 -7 196 0.5004613986238837 1523231
random-146 KNOTTED 86 -1 45 0.028833297081291676 87921
random-147 UNKNOT 310 -9 155 0.37729950062930584 1183115
random-150 UNKNOT 198 -5 99 0.14988466445356607 480951
random-156 KNOTTED 310 -9 159 0.4207603996619582 1278233
random-157 KNOTTED 198 -5 101 0.1473158299922943 470056
random-158 KNOTTED 338 -9 204 0.46506691072136164 1466933
random-159 KNOTTED 282 -5 152 0.3464035736396909 1041071
random-162 UNKNOT 142 -1 86 0.08488546963781118 272918
random-171 UNKNOT 198 -5 99 0.16943113505840302 544194
random-175 KNOTTED 198 -5 101 0.16213553491979837 511877
random-176 UNKNOT 86 -1 43 0.033212658017873764 106048
