# k  [t^k] W_1(t)
0 1
1 3
2 7
3 15
4 31
5 63
6 127
7 255
8 511
9 1023
10 2047
11 4095
12 8191
13 16383
14 32767
15 65535
16 131071
17 262143
18 524287
19 1048575
20 2097151
21 4194303
22 8388607
23 16777215
24 33554431
25 67108863
26 134217727
27 268435455
28 536870911
29 1073741823
30 2147483647
31 4294967295
32 8589934591
33 17179869183
34 34359738367
35 68719476735
36 137438953471
37 274877906943
38 549755813887
39 1099511627775
40 2199023255551
41 4398046511103
42 8796093022207
43 17592186044415
44 35184372088831
45 70368744177663
46 140737488355327
47 281474976710655
48 562949953421311
49 1125899906842623
50 2251799813685247
51 4503599627370495
52 9007199254740991
53 18014398509481983
54 36028797018963967
55 72057594037927935
56 144115188075855871
57 288230376151711743
58 576460752303423487
59 1152921504606846975
60 2305843009213693951
61 4611686018427387903
62 9223372036854775807
63 18446744073709551615
64 36893488147419103231
65 73786976294838206463
66 147573952589676412927
67 295147905179352825855
68 590295810358705651711
69 1180591620717411303423
70 2361183241434822606847
71 4722366482869645213695
72 9444732965739290427391
73 18889465931478580854783
74 37778931862957161709567
75 75557863725914323419135
76 151115727451828646838271
77 302231454903657293676543
78 604462909807314587353087
79 1208925819614629174706175
80 2417851639229258349412351
81 4835703278458516698824703
82 9671406556917033397649407
83 19342813113834066795298815
84 38685626227668133590597631
85 77371252455336267181195263
86 154742504910672534362390527
87 309485009821345068724781055
88 618970019642690137449562111
89 1237940039285380274899124223
90 2475880078570760549798248447
91 4951760157141521099596496895
92 9903520314283042199192993791
93 19807040628566084398385987583
94 39614081257132168796771975167
95 79228162514264337593543950335
96 158456325028528675187087900671
97 316912650057057350374175801343
98 633825300114114700748351602687
99 1267650600228229401496703205375
100 2535301200456458802993406410751
101 5070602400912917605986812821503
102 10141204801825835211973625643007
103 20282409603651670423947251286015
104 40564819207303340847894502572031
105 81129638414606681695789005144063
106 162259276829213363391578010288127
107 324518553658426726783156020576255
108 649037107316853453566312041152511
109 1298074214633706907132624082305023
110 2596148429267413814265248164610047
111 5192296858534827628530496329220095
112 10384593717069655257060992658440191
113 20769187434139310514121985316880383
114 41538374868278621028243970633760767
115 83076749736557242056487941267521535
116 166153499473114484112975882535043071
117 332306998946228968225951765070086143
118 664613997892457936451903530140172287
119 1329227995784915872903807060280344575
120 2658455991569831745807614120560689151
121 5316911983139663491615228241121378303
122 10633823966279326983230456482242756607
123 21267647932558653966460912964485513215
124 42535295865117307932921825928971026431
125 85070591730234615865843651857942052863
126 170141183460469231731687303715884105727
127 340282366920938463463374607431768211455
128 680564733841876926926749214863536422911
129 1361129467683753853853498429727072845823
130 2722258935367507707706996859454145691647
131 5444517870735015415413993718908291383295
132 10889035741470030830827987437816582766591
133 21778071482940061661655974875633165533183
134 43556142965880123323311949751266331066367
135 87112285931760246646623899502532662132735
136 174224571863520493293247799005065324265471
137 348449143727040986586495598010130648530943
138 696898287454081973172991196020261297061887
139 1393796574908163946345982392040522594123775
140 2787593149816327892691964784081045188247551
141 5575186299632655785383929568162090376495103
142 11150372599265311570767859136324180752990207
143 22300745198530623141535718272648361505980415
144 44601490397061246283071436545296723011960831
145 89202980794122492566142873090593446023921663
146 178405961588244985132285746181186892047843327
147 356811923176489970264571492362373784095686655
148 713623846352979940529142984724747568191373311
149 1427247692705959881058285969449495136382746623
150 2854495385411919762116571938898990272765493247
151 5708990770823839524233143877797980545530986495
152 11417981541647679048466287755595961091061972991
153 22835963083295358096932575511191922182123945983
154 45671926166590716193865151022383844364247891967
155 91343852333181432387730302044767688728495783935
156 182687704666362864775460604089535377456991567871
157 365375409332725729550921208179070754913983135743
158 730750818665451459101842416358141509827966271487
159 1461501637330902918203684832716283019655932542975
160 2923003274661805836407369665432566039311865085951
161 5846006549323611672814739330865132078623730171903
162 11692013098647223345629478661730264157247460343807
163 23384026197294446691258957323460528314494920687615
164 46768052394588893382517914646921056628989841375231
165 93536104789177786765035829293842113257979682750463
166 187072209578355573530071658587684226515959365500927
167 374144419156711147060143317175368453031918731001855
168 748288838313422294120286634350736906063837462003711
169 1496577676626844588240573268701473812127674924007423
170 2993155353253689176481146537402947624255349848014847
171 5986310706507378352962293074805895248510699696029695
172 11972621413014756705924586149611790497021399392059391
173 23945242826029513411849172299223580994042798784118783
174 47890485652059026823698344598447161988085597568237567
175 95780971304118053647396689196894323976171195136475135
176 191561942608236107294793378393788647952342390272950271
177 383123885216472214589586756787577295904684780545900543
178 766247770432944429179173513575154591809369561091801087
179 1532495540865888858358347027150309183618739122183602175
180 3064991081731777716716694054300618367237478244367204351
181 6129982163463555433433388108601236734474956488734408703
182 12259964326927110866866776217202473468949912977468817407
183 24519928653854221733733552434404946937899825954937634815
184 49039857307708443467467104868809893875799651909875269631
185 98079714615416886934934209737619787751599303819750539263
186 196159429230833773869868419475239575503198607639501078527
187 392318858461667547739736838950479151006397215279002157055
188 784637716923335095479473677900958302012794430558004314111
189 1569275433846670190958947355801916604025588861116008628223
190 3138550867693340381917894711603833208051177722232017256447
191 6277101735386680763835789423207666416102355444464034512895
192 12554203470773361527671578846415332832204710888928069025791
193 25108406941546723055343157692830665664409421777856138051583
194 50216813883093446110686315385661331328818843555712276103167
195 100433627766186892221372630771322662657637687111424552206335
196 200867255532373784442745261542645325315275374222849104412671
197 401734511064747568885490523085290650630550748445698208825343
198 803469022129495137770981046170581301261101496891396417650687
199 1606938044258990275541962092341162602522202993782792835301375
200 3213876088517980551083924184682325205044405987565585670602751
201 6427752177035961102167848369364650410088811975131171341205503
202 12855504354071922204335696738729300820177623950262342682411007
203 25711008708143844408671393477458601640355247900524685364822015
204 51422017416287688817342786954917203280710495801049370729644031
205 102844034832575377634685573909834406561420991602098741459288063
206 205688069665150755269371147819668813122841983204197482918576127
207 411376139330301510538742295639337626245683966408394965837152255
208 822752278660603021077484591278675252491367932816789931674304511
209 1645504557321206042154969182557350504982735865633579863348609023
210 3291009114642412084309938365114701009965471731267159726697218047
211 6582018229284824168619876730229402019930943462534319453394436095
212 13164036458569648337239753460458804039861886925068638906788872191
213 26328072917139296674479506920917608079723773850137277813577744383
214 52656145834278593348959013841835216159447547700274555627155488767
215 105312291668557186697918027683670432318895095400549111254310977535
216 210624583337114373395836055367340864637790190801098222508621955071
217 421249166674228746791672110734681729275580381602196445017243910143
218 842498333348457493583344221469363458551160763204392890034487820287
219 1684996666696914987166688442938726917102321526408785780068975640575
220 3369993333393829974333376885877453834204643052817571560137951281151
221 6739986666787659948666753771754907668409286105635143120275902562303
222 13479973333575319897333507543509815336818572211270286240551805124607
223 26959946667150639794667015087019630673637144422540572481103610249215
224 53919893334301279589334030174039261347274288845081144962207220498431
225 107839786668602559178668060348078522694548577690162289924414440996863
226 215679573337205118357336120696157045389097155380324579848828881993727
227 431359146674410236714672241392314090778194310760649159697657763987455
228 862718293348820473429344482784628181556388621521298319395315527974911
229 1725436586697640946858688965569256363112777243042596638790631055949823
230 3450873173395281893717377931138512726225554486085193277581262111899647
231 6901746346790563787434755862277025452451108972170386555162524223799295
232 13803492693581127574869511724554050904902217944340773110325048447598591
233 27606985387162255149739023449108101809804435888681546220650096895197183
234 55213970774324510299478046898216203619608871777363092441300193790394367
235 110427941548649020598956093796432407239217743554726184882600387580788735
236 220855883097298041197912187592864814478435487109452369765200775161577471
237 441711766194596082395824375185729628956870974218904739530401550323154943
238 883423532389192164791648750371459257913741948437809479060803100646309887
239 1766847064778384329583297500742918515827483896875618958121606201292619775
240 3533694129556768659166595001485837031654967793751237916243212402585239551
241 7067388259113537318333190002971674063309935587502475832486424805170479103
242 14134776518227074636666380005943348126619871175004951664972849610340958207
243 28269553036454149273332760011886696253239742350009903329945699220681916415
244 56539106072908298546665520023773392506479484700019806659891398441363832831
245 113078212145816597093331040047546785012958969400039613319782796882727665663
246 226156424291633194186662080095093570025917938800079226639565593765455331327
247 452312848583266388373324160190187140051835877600158453279131187530910662655
248 904625697166532776746648320380374280103671755200316906558262375061821325311
249 1809251394333065553493296640760748560207343510400633813116524750123642650623
250 3618502788666131106986593281521497120414687020801267626233049500247285301247
