# k  [t^k] W_3(t)
0 1
1 5
2 16
3 41
4 112
5 244
6 542
7 1155
8 2288
9 4552
10 8852
11 16403
12 30879
13 56639
14 101213
15 182983
16 324486
17 564350
18 993937
19 1719921
20 2937520
21 5071047
22 8629072
23 14530667
24 24723455
25 41528426
26 69202351
27 116399185
28 193630543
29 319953484
30 533411447
31 880445775
32 1445273499
33 2392127257
34 3924249304
35 6406818158
36 10542753059
37 17207927338
38 27970409667
39 45805097268
40 74455436117
41 120576173110
42 196674203900
43 318586758141
44 514350547329
45 836155761643
46 1350563128251
47 2174777868612
48 3525480482131
49 5680446260129
50 9126972851103
51 14760002944124
52 23732852330957
53 38060612250097
54 61425308722086
55 98591375998135
56 157857534828178
57 254316039011897
58 407572121176305
59 651669811730586
60 1048287954144830
61 1677802896105659
62 2679441153126759
63 4304577291907143
64 6881746937053585
65 10978707478699345
66 17617629271168898
67 28137703787572746
68 44848753177231136
69 71898685139405603
70 114733858694725566
71 182731357907710136
72 292693948296624292
73 466725627262013125
74 742825603876068282
75 1188954005316766869
76 1894661979991702337
77 3013687601036439360
78 4820534292516474734
79 7677435769956066674
80 12205530998024341296
81 19512269892495254398
82 31060905283689162512
83 49357911717566749730
84 78866564498595676013
85 125490620349761046979
86 199333702278867486016
87 318367409440319124659
88 506386728939590151548
89 804081231863335315682
90 1283757026438823517670
91 2041231097056943704885
92 3240235711312189518612
93 5171479656184836273486
94 8220486505593942393924
95 13045629296754924130981
96 20814994222104383653811
97 33078652277162311890781
98 52482275712998989130197
99 83716765848339617852433
100 133010617250308657995762
101 210989554855057701808292
102 336482767018247385877209
103 534503913017315291176043
104 847707958842700248291396
105 1351643270840042768670597
106 2146716696924314696379344
107 3404085060314249869752749
108 5426759789006896675114187
109 8617611973383746297367880
110 13663164901559303549858831
111 21778351450059940895248763
112 34579047304416346824199555
113 54818037087596951213724242
114 87365242606074834146619679
115 138699664563373019089877889
116 219856055840640157755398287
117 350350056485962217883241919
118 556152359879925828597340424
119 881485283701250712199261416
120 1404538225278597107874650943
121 2229386889420792613039246648
122 3533214407727941612797294107
123 5629225706506041623181857470
124 8934404139208102356363563345
125 14158518547320590575742593308
126 22555966202961610516983753068
127 35797080389822246602033297871
128 56724590783446194035809990421
129 90361648681851565611790616329
130 143398049447062921373480454507
131 227217595253664605525659070150
132 361932501063497098109895934431
133 574331781497280172241026241639
134 909996063056816051880366209991
135 1449443329310260058706462254262
136 2299934805256281210082777621377
137 3643953083233790128595567732055
138 5803813738433709863388466963006
139 9208932345779199559607878936681
140 14589803498539415612716554219502
141 23236548154178665284684715385783
142 36868135014609522926020598173825
143 58408530831101136947757224577876
144 93021245379134990364354525044202
145 147586757229483963944524903497769
146 233807940184988448028497007598783
147 372349495903294008235917842340281
148 590749561313349970636260786488213
149 935844320532932619826506142430183
150 1490330149881004604337149219274002
151 2364416757269987791043759581319644
152 3745535867534140185232918363315076
153 5964605353590489430728854925526913
154 9462665439339274856322385627940886
155 14989749496068075210036856465772434
156 23869995358835414267985784731656816
157 37868273441133403005092596875232683
158 59985796922872054458807352897987922
159 95520760020511606102708444498790351
160 151535143955349133469278306564558901
161 240037604987578935735159854789019278
162 382226707428929986538905439893419214
163 606359181464508751096957455245763060
164 960483050723383669717741721281332812
165 1529412959271667465309404603211102492
166 2426206845415796981199600487354415312
167 3843104000394077678041363684200153820
168 6119434812629893214344433085624372225
169 9707540293515950901487837069100347529
170 15376543854069791690297680150273968696
171 24484019995894890755739950053430736165
172 38839717610761704974994261607569666128
173 61520715909722070604649217542013940120
174 97958203847849164044139273213557361398
175 155392532515064776584682772751797877487
176 246134081241129682410904881254753134464
177 391910743912535909576680081385765496860
178 621688699257732529590487472184613787644
179 984716728898425328707802951943687225663
180 1567917460920501111672978846280437212559
181 2487172425912937704949597754013142347267
182 3939502335518745584024932698749841635477
183 6272636629217519226471351086317111843363
184 9950160654235669283444778259884666516326
185 15760247367198815819732336065326940959698
186 25093951625291697025050957714374277738985
187 39805823403543002226077947690303900412589
188 63048871887740348634416969805980114171424
189 100387799354320544236195719619195446490891
190 159241540318396802272173926039134756383064
191 252223249214888460634692145272256117036279
192 401593435658648657404240870851511561042271
193 637030424894740817558362006872200388388078
194 1008990770952494766681183718685436611008375
195 1606522501117124391878608795782948517717613
196 2548348027860173463527573723266741036704703
197 4036307429952986035917251465560170289294560
198 6426613907642173426800641752826977966206991
199 10194189199072579806001787059415752861956091
200 16146442439691229822826709611755173547890443
201 25708300707112365554948410145739540202032237
202 40779563959091146673848107421450913374781376
203 64590040667190012798115088276578297039753066
204 102839700719692426082834122159517499091942691
205 163128141913884246517000445969713955329961742
206 258375203612635841002936964224637151422195323
207 411381686551874683359469002905416085270862416
208 652547383412546292043655066147358616223027733
209 1033553783905696260007617610065935140006060682
210 1645607335024121300076537743349756143558059556
211 2610312142995197596634482280584350523711719529
212 4134401675621352550819293856755641471394671281
213 6582713145077483419210150071859068323300713007
214 10441680357061481373400718928544329901450528995
215 16538263626131137860188477946149062228547207312
216 26331852032077024337082847158474244731169147571
217 41768242005208790027994816484266243019533554165
218 66155367925419963780112917026962033991750196727
219 105330927787526021139497965237507791944269104632
220 167078322857654587727155600199501794510028296701
221 264629618586559114997498959325108855811980325765
222 421336105868437362545700691263933568209816341470
223 668332148814567330514124418672205713601077408739
224 1058547164043751287023695317495750898393192289362
225 1685388072068305088987429906334542516175036542653
226 2673395002324147956291941711899617379282087019865
227 4234289687974802740014826614424968810115529940054
228 6741705998116742191027261915937667400812562722590
229 10693813863420346020804870207483288204739913213855
230 16937514537345834493646216974915166301582589100959
231 26967365283882777477126743489742304760441476255539
232 42776078973182580112789106472332470083678575243361
233 67751311049505916708174332484726722154187320331077
234 107871367293321872853063397591363987320906594579370
235 171107215913149201990071363292782037014293579984822
236 271009656275176874866827390631224765075492630490032
237 431492181683980053788288636296624474913416592725351
238 684439076026662530065578391320960366863271814285238
239 1084054162140925419839198779600889055557906536773940
240 1725992364681636900079329683950188094639182684690500
241 2737792266701600812891362405227077554655894404742297
242 4336271361771763160303156507416003767680398745007026
243 6904052698946160045897837109119982851250063086131281
244 10951295707744993996602496524591326142525684674246257
245 17345278117445569671050549837462866725067208730348196
246 27616503922621658495982723555109792604753413939210294
247 43805628791217857029107261409220299975692752765176190
248 69381790949062093369123013349179856250817255668411184
249 110467047921593009582044992673187374334646295154580098
250 175224085589830828849316822621034263463814635049363608
