# k  [t^k] W_4(t)
0 1
1 6
2 22
3 63
4 155
5 393
6 869
7 1863
8 3886
9 7863
10 15217
11 29134
12 55098
13 100994
14 183132
15 327848
16 584174
17 1015063
18 1764233
19 3024640
20 5186207
21 8709489
22 14691316
23 24459622
24 40828329
25 66960743
26 110500644
27 180152378
28 294835915
29 475266782
30 771350822
31 1238036008
32 1995997581
33 3175629094
34 5087553702
35 8068163195
36 12856217514
37 20246332061
38 32102936027
39 50432132554
40 79613175315
41 124360329822
42 195549400876
43 304878883543
44 477648709569
45 741203177127
46 1157550501815
47 1793609244233
48 2792515674651
49 4309875038804
50 6692700495566
51 10317473509873
52 15980173882273
53 24551992073621
54 37945197682376
55 58247643534628
56 89822791402096
57 137480567543374
58 211623874638264
59 323688029636518
60 497306560283320
61 758717977393474
62 1163902443370331
63 1774817880708058
64 2718168769371547
65 4135605856562165
66 6325593127952850
67 9620676689818347
68 14694252884794810
69 22304150065970324
70 34029086386652721
71 51639302592887617
72 78687013457813688
73 119194750692319133
74 181456239730451409
75 274827343603349147
76 417925581610756805
77 631955819260623477
78 960231841116275745
79 1451888584699160167
80 2203957261355338736
81 3327546712591935510
82 5047702467446943080
83 7621040585825341584
84 11550810657090070811
85 17416117787601236647
86 26381002096243080624
87 39779144068896358720
88 60209543009391395646
89 90676459251168392200
90 137177288422501881025
91 206613545949887562209
92 312357636826054428085
93 469930877595262354922
94 710127127359383789287
95 1068524260577646306045
96 1613701311468035323752
97 2425556843615440331204
98 3661725980281962086791
99 5504997350628590609997
100 8306060468112269841365
101 12474884392797144173695
102 18816265457118666665143
103 28266512733589784034992
104 42614387059136334657864
105 63957497624615619635189
106 96395047087004730602163
107 144710439845659488256734
108 218007193167731952391574
109 326990628152121731902459
110 492496637450668662065622
111 738905133181072844401387
112 1112454922702589960424135
113 1667658979473860021529819
114 2510230258715214513627002
115 3764167833731762109047280
116 5663918059946196349600763
117 8486515486916566339508344
118 12767434843158708291594607
119 19136177687844463207537405
120 28779623778069565823039514
121 43103166874864852296629768
122 64815280863366639805243064
123 97106448718739713902257028
124 145976968132687977631794981
125 218545153692671027009584778
126 328493204517647682415014940
127 491967543099401726677703900
128 739265829940366029720166804
129 1106391732009724470368174253
130 1662384343678531299259715336
131 2488850498285693206549601520
132 3738608399542135953764316185
133 5593533256454480740578063693
134 8401639510376852915827707281
135 12574900664151724858711097736
136 18883374562835269223779166468
137 28244795149067034226401095874
138 42411876846819879800165261791
139 63462209751885672059873986279
140 95272834777559490031633008414
141 142470004070495924273795729716
142 213873947486973794053365256926
143 319952272502704435477725311722
144 480210043616411876117874691224
145 717947365802524085182650065923
146 1077519150883804957433401818499
147 1611621163561460886826294752343
148 2418315436641989472977438487964
149 3614860439230579697395164672764
150 5424166667617028852048565539916
151 8111318207255039842757937778137
152 12169027227895572134408179793599
153 18186986008534698316352334020703
154 27284829363365394680215065694709
155 40795176124648096069983797832852
156 61192331953714183285146813027028
157 91439999301457427039944098129471
158 137159080957183918675853077945618
159 205044930098417321173485931032516
160 307517118526906764138492966255666
161 459462439141282789678553502322829
162 689087009423541581565769171800581
163 1030012077889796456208202000366819
164 1544550236886340549298102792659303
165 2307441183661392286740086521881802
166 3460169532715555535185560265516637
167 5171488300696110353728441782916188
168 7753919871727498945996954377191990
169 11582530995564397737216379861289683
170 17366772937062992023946218208022440
171 25953304673465780829818636399188213
172 38909023417807411888152247081176272
173 58115383610535494131568692744374941
174 87128699001617120903529068436112451
175 130195207161859792528427146937941333
176 195168528985683708476348957270797089
177 291483305236725103410069690404723844
178 436961541872710448489226553644838774
179 652892288923822618881897143152873187
180 978629069810125295618079465663188542
181 1461467420392592821342610761879954639
182 2190697858964144071446646819601447986
183 3273024224147310957615843557009656147
184 4905595356973504349604405689366011605
185 7325435549643705030417675327508503083
186 10979802809345298083137772725947218581
187 16403371593871803924145201828375945697
188 24583587139135896928275549552966065905
189 36708012560385636740762233664194589283
190 55016531264239817536743117350533297314
191 82187675239509619040743448664798041401
192 123166259220507530984023533571233297130
193 183901002263938249691795377075470685092
194 275607350298516908292827329576140979591
195 411701001518866460121056567294029688086
196 616939877271962758236003533840359395304
197 921116250960128528934511212623643415992
198 1380378840096745177936773620110492471351
199 2061908976857151857793222755670313002783
200 3089647216442998770991957714257793399223
201 4612772196004954463561228769427556454150
202 6912346286057207015416075757893512155651
203 10324735120233633368311073699051952903813
204 15470314552198000043058324970167865642024
205 23095947323910338708086539036436953972385
206 34608366627776208698662842814442523347942
207 51691448573058060251943063877203298906517
208 77450073277168923668617481414427750629620
209 115622880194694977657899423115161841646241
210 173249871744258741032438035204279004888076
211 258759564695337728196978830334554809339054
212 387689737013148941050850134900826965741527
213 578752882147567485434885017502607241909360
214 867177257462028237721801656186856200586122
215 1295146198136893986366015980952056544248703
216 1940408222041919826290665823486226417576467
217 2896611858337588486662624047010225405355343
218 4340024286472744988287210267995680353910112
219 6481743921868431753731709566162100158497917
220 9710779112405839861563178526354324498208271
221 14495756287369548443210605865327337417133218
222 21718572410500882463521495983357611270134937
223 32435529951269877950275375378425230721737079
224 48592855012406024916439417498335372221342747
225 72535390948507827108018599221569304160610712
226 108675122875073408304357378523524070625514553
227 162297176282550312249532608915614788004794970
228 243137959416992599459963532404642691954682513
229 362929318020907518983778505914974653281375903
230 543742318959718570519539633842694689277689569
231 812018697024830522415649217456812828313122992
232 1216464010220031131055077911717591925978179260
233 1815771495181047777185404634801239042589287905
234 2720346128195892129827056464349137443176110436
235 4062468381791185782652062961811761009859385825
236 6085770826138108195619748882956238624600566697
237 9083871227191719132835593145418088929834603017
238 13609015640841180845660034761812721827600450514
239 20322926440976501990341684159565956370000916798
240 30444233303255655240391628555521239807974222912
241 45441700640985886213019881391546946699117457802
242 68077544096083766383728864894070021072079855179
243 101661801723308284616991788138941083028689282846
244 152289701620940280692059864525734468263657058144
245 227308076581928432312227903001132198262381175385
246 340532394511633980336508309557987534323931015001
247 508519201207429249502568903363123296082720792984
248 761753901918569826639540246805831153379315294158
249 1136984076819730524844686925238046148993051032728
250 1703306620187512477032395608464932819226564659610
