# k  [t^k] W_6(t)
0 1
1 8
2 37
3 129
4 376
5 966
6 2258
7 5140
8 11078
9 22921
10 46011
11 90269
12 173098
13 324477
14 598064
15 1080435
16 1932161
17 3409996
18 5942456
19 10226259
20 17442380
21 29425252
22 49351946
23 82044764
24 135251670
25 221364451
26 360139422
27 582102079
28 936660588
29 1498014963
30 2381456824
31 3769537729
32 5939583563
33 9319994413
34 14569151101
35 22677979346
36 35141875977
37 54306989871
38 83615041899
39 128379399271
40 196470478959
41 299775181538
42 455803161004
43 691786459690
44 1046701974396
45 1580610588747
46 2380202256253
47 3576611108102
48 5359318100812
49 8020610165145
50 11971728727151
51 17844390283681
52 26533820782776
53 39393428748953
54 58349804057344
55 86352481476851
56 127502148990942
57 188072222729538
58 276837040468961
59 407032939357295
60 597287816440333
61 875923272986876
62 1281985595186368
63 1874929967236331
64 2737128482209338
65 3992448976935229
66 5813705755926038
67 8461976836593224
68 12295069620992521
69 17855110239385406
70 25888014209051438
71 37511310881608246
72 54273856226324409
73 78501943874978587
74 113370206262386068
75 163664590238490847
76 235936841394334799
77 339964239976963714
78 489229693425333611
79 703875502445347573
80 1011304929144192704
81 1452628426278680668
82 2083914612859203694
83 2988504876857978394
84 4280885154099791368
85 6131249566222277368
86 8770627718670616462
87 12543995168667466198
88 17920549418763667929
89 25595024375899275943
90 36518947929722811741
91 52100513958518291951
92 74248161396711985851
93 105799081472809579100
94 150604196602267618836
95 214344491258425648140
96 304782967824162509207
97 433361255560184768334
98 615567066447344048605
99 874331093334166947491
100 1240729714046608823647
101 1760448263511349562547
102 2495803877683791926710
103 3538300302126455083808
104 5011692204396061669808
105 7098513543082761032051
106 10045859139814111297393
107 14215802913261213540075
108 20101543367945397293896
109 28424802588741515012717
110 40161062304101678451719
111 56744105748777253818688
112 80113197812569109265508
113 113101422937662232588987
114 159563636238700299211941
115 225123314148576995242766
116 317377716907786339205900
117 447457690480288767713983
118 630408882290936565451351
119 888150352382443207796621
120 1250480659442659829111969
121 1760747007083432672119726
122 2477492172631112051683855
123 3486236331625307583320280
124 4902524816349803891613400
125 6894256589759254709126403
126 9689531288998435472661098
127 13619304172470015332618905
128 19130448575194230250931714
129 26874012528987280743308909
130 37729327412987310567067372
131 52971138506629954684283325
132 74330316773483761494188354
133 104312326899664765130592729
134 146299674402672359130394871
135 205208240765700814116789936
136 287676040068435174991497139
137 403305235259649456120116642
138 565128197738644739750227234
139 791969144985860645429624910
140 1109239349187042232264604766
141 1553787024935629402207515819
142 2175360908046689040116091994
143 3045782055783279729514780591
144 4262495023289410122172645514
145 5965976299958419581850641723
146 8345848677180199335299163152
147 11676517651014653766913287512
148 16328417639730109850248243116
149 22835366018311899703641061292
150 31921432465805522121129887669
151 44628584404850270076487245649
152 62363296965173984931312156070
153 87157105207029018476061599631
154 121752303844610339907160227583
155 170094139264312009451544333389
156 237532786455265254075442619912
157 331754906320230190236445797181
158 463136184686671129733376710324
159 646637946067392223905726083061
160 902455247006927274476129087764
161 1259597920217952478047536297548
162 1757399663398328607811757347776
163 2452288192194940554566923534129
164 3420432854016659051601197072017
165 4771496399271375327423828069186
166 6653502080303234982933864384392
167 9278787357242401767685474980406
168 12935216349260174207806649010010
169 18035199383491500861832480957615
170 25135449564212191608249318724617
171 35036344572301855918796209919535
172 48818246856176039395622084260620
173 68028954439437860848495667895725
174 94766581893233769170003274557189
175 132033309195514253338269187087192
176 183881950547901179039959188002901
177 256131642535535591167341270426069
178 356637321167056697982682430969264
179 496639412949581932572832271852063
180 691373599688886752719872491256608
181 962616053438193539194144882738992
182 1339765078167856954928381735286411
183 1864981720471238794849339350000143
184 2595178704564204204270789706040150
185 3611711732112258451927648559839160
186 5024846273250649606417792057477961
187 6992021827723212381480839825413096
188 9725796166419220883718788864514890
189 13530676729688315852297756183433990
190 18817730747932688329928161554773044
191 26174000521985326623627352849269634
192 36395095695343223868291149011960618
193 50615941721668270235278175763076529
194 70368875426197220608078319308484657
195 97846941999717663734797849980152475
196 136010754092318914467856983152538367
197 189084585796424869362338472965755042
198 262793328198227390553424443186888121
199 365296467820363088964920079446587306
200 507611271452229987546702389868636933
201 705491223921618613674888392646187444
202 980204541333098206550378328061323405
203 1362072568629618742166590611011600688
204 1892186849375045015389984790598605228
205 2629067936251465283139568019445468968
206 3651737041299324717034698961660540868
207 5073093044489862134291276153346031250
208 7045564120067971176303044482133786336
209 9786300174733822268629167225389257484
210 13589577998994533233484943736242077717
211 18874192677277007528521937710843336183
212 26205680982350786567199997320562394986
213 36391428044278231745167644844484833143
214 50521562810347913629569525597470753480
215 70148031956618688574038871671108184464
216 97373976304588569948163843344700295672
217 135190490779451485018613796816332886123
218 187636939549484229415320403706311446012
219 260476141056674828275441715598890832391
220 361489420215041216669832273668025455129
221 501747657444719605166866055528792107051
222 696253613111692430358710931237712345699
223 966331531309237620683457584019219338940
224 1340780540805298563918040362568334612480
225 1860661586560182398576385948891501809168
226 2581420481006688563983647357949920529603
227 3581897849494644388791865703189266345454
228 4968934785786539387539221549953090574332
229 6894307486415079066174539885177179300728
230 9563005388707438432963532041146687939220
231 13267128882689793111298067871777967653390
232 18401128604434206277068475660525884441836
233 25525597614937032771288242574637110753172
234 35400226339555188092823563280348760684061
235 49103676270768111465681719790145715511189
236 68092862479390838465068769349281044013853
237 94442733488159714867583693367825767515811
238 130955417036110100111567493737933667048685
239 181611398125658177093296398823434214992107
240 251804872510370664206417284753897600741186
241 349191400311884687740828488488151657308080
242 484111595910728625245486446343622251401743
243 671285580964830675163350895490050808602358
244 930593124837009953676978550831287406028766
245 1290261572506120389444419571227372526161331
246 1788543736057097204592814659926584644969087
247 2479706182985260209768219997656189695971211
248 3437051797739322806809659524787601927977844
249 4764883372036994390635884222543231049309620
250 6604069572210969415253836868131226838475190
