# Locally generated extension; not an OEIS submission. n C_(n,n-1)
2 3
3 11
4 74
5 708
6 8733
7 131632
8 2342820
9 48068672
10 1116809255
11 28979341056
12 830617111374
13 26061612024832
14 888440735452641
15 32698121814683648
16 1292166051878918792
17 54571234370892349440
18 2452808233679788370187
19 116904921653859368501248
20 5889276079956059759333010
21 312672254671601011051986944
22 17449348232603301172175999333
23 1021182671045422264732741533696
24 62535568222590895511906745078444
25 3999413487482587399946683744780288
26 266641713069655582251639786301687983
27 18501286542911485293244043718475907072
28 1333989950064689004517877695947124661270
29 99807653711585410537593507754325921759232
30 7738620531558133624694842549803003301700265
31 621038876031289520264571492362373784095686656
32 51526672980756619660664477466003510256845244944
33 4415074687659072307593378307253022124690638897152
34 390301506047344673808939152132774897708969610833171
35 35563835007730835991399851465090594397661761663664128
36 3337161059566189667037580978317164704899907717401044442
37 322212221971546866004374868980576283276321482799159705600
38 31985955837638456848418950388613604663572171214708579850157
39 3262149814096008299423947862197947454923714141796715240357888
40 341560440704328777158896555331398753116420387445372826203620020
41 36690864509794086087023581324865994588158725987633046660415750144
42 4041078204789592349888732699674213513567233516919146611794737732663
43 456059218006912181986664608977700316006895917983742459139875254829056
44 52708201565751987208323985788282117773242845359381328006675706615234014
45 6234880395099835296593132990940606715056713385077046077560230904403591168
46 754469883561440750518253353535211364159960527752489297600358527630226040433
47 93347049515361164217358390692308542849507598119210548056755031276492697894912
48 11803063532203989966147788275182522073287328264438857571965186151380454055239320
49 1524487310826604783789879470727319253813527234958779450089515045961960881381179392
50 201046077515208399788547164883836129424627360099102675414341063211532747650067381275
51 27059872889708248362527129801380912515843043851329138560868439879617237597558361030656
52 3715671051073532939773364779151456561069013232260636830351337441273841842817696741742114
53 520307466148152707962381870171209219284280740664984383403237551657659133187717220031004672
54 74272940112158051423584658066790463721081961972335244838972623950444057219464866276070368501
55 10804173845306922762284317886948529385613800572262650145624942070626799612531742534704885137408
56 1601000079196965568898853860116834981972555402735152068232943837372127413228719691064744765480892
57 241592775085375303174249866501453566406533999884654476994188698802509629094761225130963150789672960
58 37113208206427197364248279918091384761415260831723857409158563058822031272237600978706837256657998527
59 5802152294622318644352028734576281837322153823496363022420922222084225672839945277222541383433535356928
60 922857413254746726309857993275104354738823900210858841598351094360144734294473129726753327203306466853030
61 149292561816138714614577297216936127589572440687948825461167176292358295298018861547672637821071768309202944
62 24557110811827677464597793916313008385785842947322467116618280459472187304785577379285280821546162882029127993
63 4106136365154786332726047521061524596408026992508374481682268542908613334579190242716918687446628337348264329216
64 697736994404500350038822532888818714317909007864845338667119104904022341352341990342322604327320752060588722890784
65 120459578436620614070617598821932074229894377538105081988612363343261330934671294692858648601331084919211690293198848
66 21123920593157385609919686685093014393496787454047771408128326826552019362308479789258985879319181859856843711507138083
67 3761724726164226288301629132561447356476544736791975971439999936130910175275828774177179570754957954800666109289433137152
68 680107639581460842272786446171487523953531293823264943073949675124881007879942921142382299747583663572720711988888971652970
69 124809695977217969739711976841149282356045625581904940490808394244228827816219259146877085176953639353107841306013536618545152
70 23243621043609467074753659497270963443135210606393260944577127187824155591747035161817782565088142374648074611195299692518484285
71 4391890998921554754735185103293641794280360308073270438850113242490394427585794420317171289606924601715880522346515208446259757056
72 841786163144418447052700732284739015416109191867322447897153617043523484048468730399372546767550297452844746262394243172324945426884
73 163631594334117101784885542424427377398535475017220013074134706856975140799814595792071830341506706964308905777446624250917569945403392
74 32252456666309753012160592317076240613902330173105144358231553657940560676751749071164233714535780419451044737517880311756712641417026631
75 6444750846963484424782984108285057341766089259575143753053430813670499437974504127568904041667507633049034416989095153404753760518812991488
76 1305319487044397453869054902361175787869129897916845958923798997789541541353766474867809675744819134214922903173670658309019214913216603436142
77 267927118565905403292927566349916620994959779600325867147763068649970419977405288060878515192404309025369123294281279615452801184157723546091520
78 55722366095322737044516286496811546889607451277777198742993376774233774200603670204134874404515766782143119716114966827974848910874884167459863297
79 11740356558494101406930455352669740906457930802073872170086909230316125329959303846566469014054333410636996908808413314901573805742517884138834362368
80 2505530099019078020064861706448778978531508244397056554985112155635768395867057885373033930099072096704625025743816055989123630304482001102563564304040
81 541519535288915694937932982898257932658848882553547112519435981789208159773184293360558535013633575460593822529548323355480230039396912887998255248441344
82 118510307616012722532591546689182842047401226631271526458925594522398332710428274654732120428192877581012054950879489538088330004721879286958332007876033323
83 26257818158901408651045966772628910380389984159607756173877027849380001249655193761799252389866765923773171794194897664908251404959063208820266099304013234176
84 5889200159141779955891915552341317443227692934476131783312316772221158115963388982625483724397838312976570817914519249845384509241129553516661777522242510520754
85 1336858338061381891796549139281154013300748365922201727941301303687765553850985084767088163472378878530476543154034780441964186870527748211459646974767885166051328
86 307102677858571535364153570076145968774324195987495034531668364305090894866278850138181804758730057488694417705517351583996408954143969704642895664358123681485132933
87 71382239173416883655027782509514697498801605030868282395497681599909090472128681644595009287048563882092802434363895937055952972632626166185671071098991298393556385792
88 16785941391062840954821000753893675963622080530274287113994730199376865975670281250006014995660973650838306110025110908822827159285156940301366824010742082624442911318220
89 3992934588813533678842723208547209038672998522233994545463932382579985860423039625647577921891706619288377814914357605424496608212394981895158458068915271742541604702912512
90 960667174694817855884602823992039292341113774277437668305236061316180618182866235906452011535526241228476930016457929190517395718480079866372579072180843385534240797736921295
91 233739734911674755130376584233967654000456909019882208209769785637018647658692135459479045836750518609590867307275776355697192413159279120204807242096287170591170274655895289856
92 57506480886436889595865967893169485158577172421999792743919777065849605136294315568248137843403033791232641158480273866808702713274647349276682503218209993883283939556760366803254
93 14304500074772110777346703627944049786964303157878582162365541324384918740307301935826349499389634948613503785551564096608169233536966887784894956447797746480895324050370077824909312
94 3597065746637833124168495796435031451254393000866136475131757132906524650640590453537610799620992608723214768776234166139997421039459449562788264471519840452323871451728575233878895561
95 914309288348093046929422233128755567179751945668921533711605023308186249020364527914554338861447683172941545777145625099903549391503549193860127491816482779228013433235103257281186234368
96 234886088812637842631975450893366032240291241945902045329652110160501319905726233596427681298203524247025402271286101632583436477462840689117440380289954026665440425256689416143936259398192
97 60980679454112066325871283737767830183483710386998592978511888630094524214657335621303137348317441578215887906349860970322919267325732684701042722674149876005530784487652771559599731145441280
98 15997437473402764249199729095444907858530160287163335476050330533511219305079253248402491552451019407076102848532068034974198375525743215397847439994411009065527435515753991399747410088939932467
99 4240188521895853201082944976547553584380210276043990921448796924393848293258349383689382532431395646421950954485477238395617657101928759780990476348356241769268142676587139505361922397112482398208
100 1135405063485890787541125134833001316481465647578942827097601328543702645014807750009158163113641970494342606291309605256986162648817435658367622047875408044535357879184599058403840379259393576525050
