# n h_k(n); proved recurrence, not an assigned OEIS b-file
0 1
1 2
2 4
3 8
4 16
5 32
6 64
7 128
8 256
9 512
10 1024
11 2046
12 4088
13 8168
14 16320
15 32608
16 65152
17 130176
18 260096
19 519680
20 1038336
21 2074628
22 4145172
23 8282184
24 16548064
25 33063552
26 66062016
27 131993984
28 263728128
29 526937088
30 1052836864
31 2103601144
32 4203061200
33 8397848376
34 16779164992
35 33525299008
36 66984601088
37 133837338240
38 267411208192
39 534295998464
40 1067540197376
41 2132978866192
42 4261758812272
43 8515128050192
44 17013493467152
45 33993494666272
46 67920070728384
47 135706435982464
48 271145724225024
49 541757678869504
50 1082448869341184
51 2162766861344736
52 4321276162797312
53 8634045587118784
54 17251094443403648
55 34468228884409056
56 68868604616693888
57 137601636502879616
58 274932394429274112
59 549323564949259264
60 1097565747517575168
61 2192970859051143232
62 4381624699499381312
63 8754623860150119680
64 17492013622587669632
65 34949592976293328448
66 69830385201122087232
67 139523304338471803008
68 278771947161090817024
69 556995111981141663744
70 1112893739597146695680
71 2223596668971226255232
72 4442816030261556034304
73 8876886062201810591872
74 17736297344878746083840
75 35437679531050080850048
76 70805597477650504182528
77 141471809117026308933504
78 282665120948407379838976
79 564773795567174657984512
80 1128435793879117305905152
81 2254650181899486452691200
82 4504861925076392245824256
83 9000855710088903982533376
84 17983992597612454094082816
85 35932582430852565518633216
86 71794429025811930190601472
87 143447525628345108771700992
88 286612664633027455401591040
89 572661111916817376246891008
90 1144194899837010867197940736
91 2286137370897980996102309376
92 4567774318309608180618352640
93 9126556649049191337763287040
94 18235147024323335575303475200
95 36434396868980190927757849600
96 72797070044770463126171762688
97 145450833896335859895181326336
98 290615337514662355097102872576
99 580658578134757130352515145216
100 1160174088693673873723128190976
101 2318064292445225807188447644672
102 4631565310995628360007863202816
103 9254013057329777553701436536832
104 18489808933909006818927792697344
105 36943219368128699927150676645888
106 73813713389905819309904525465600
107 147482119252108507826271031803904
108 294673909496980362662138220515328
109 588767732512720535773765616485376
110 1176376434004323238060790006879232
111 2350437087601143372254649374851072
112 4696247173165185939403659918585856
113 9383249450837703580419932690503680
114 18748027309922248702309412668686336
115 37459147798976058018402379569475584
116 74844554609908561798039251441311744
117 149541772408092718219045769869946880
118 298789161235695692728419805362470912
119 596990134825359905110616355933001728
120 1192805052247736604816658663085215744
121 2383261983188279569364929607434487808
122 4761832346205431053595561193781506048
123 9514290687855517071909089842019176448
124 19009851819992865053574400724081987584
125 37982281399007622488516615514362396672
126 75889791984393379969473957284981121024
127 151630189533190391626105901533104971776
128 302961884288725577303193054995224895488
129 605327366630271826181621716889308729344
130 1209463103425698898963831349164313030656
131 2416545292989516711998566156439927517184
132 4828333445252999121028671049707160997888
133 9647161973822698070020715042117846654976
134 19275332825381121444078099462471567687680
135 38512720791604213373286314495362574557184
136 76949626562037655231610714307183911665664
137 153747772328977716439908164725871575629824
138 307192881268444362508462155144818911412224
139 613781031572205632519167452965849655156736
140 1226353791670820410892770486667149301710848
141 2450293418962513186159471503719747374448640
142 4895763261620499407500882797652960281935872
143 9781888866183859417103781507321099192557568
144 19544521390664601987459448245801490943049728
145 39050568005396757791060480061537199872360448
146 78024262199252648698404311323450757070503936
147 155894928106971417274392027746064138813079552
148 311482965996063901256646947511290382954594304
149 622352755691520279973272484426938704421699584
150 1243480365862843330389797762786474809550290944
151 2484512852471103275229062123538844422955106304
152 4964134765256890578015441424489822420095238144
153 9918497279304654436011677051560308562369232896
154 19817469293560347386882642769643656341237481472
155 39595926493891230462158083475655841264616341504
156 79113905599394749142501479288787855414836396032
157 158072069866974060747850983144730484066187640832
158 315832963658169936527737456449930515644092252160
159 631044187736948960298041661826029734645250293760
160 1260846120253555274495250273095340397080243404800
161 2519210175533894029100822017469176054933677178880
162 5033461107242216483596071276336450153873074094080
163 10057013489456337439476150081418759335461600198656
164 20094229034884163493050558231401351975365463900160
165 40148901155367665219950565581390679580884170080256
166 80218766352524323402540444371155095133467900051456
167 160279616376513488181870189734598305009633097613312
168 320243710965444584612180606522586209956110386003968
169 639856999482731611176820604634420221474218455924736
170 1278454395100430009725246792046301821623566925627392
171 2554392062090299341941282440603855971931426983706624
172 5103755622317182038973574382689977395664975173582848
173 10197464139869935836035388607769790172966773294956544
174 20374853848649016019963628399239615160653738862510080
175 40709598353057065036473456783779251666096440312659968
176 81339056975719816756581733809978974501087713165377536
177 162517992251391655183604808129231062582423095935631360
178 324716056313605448174348995424886149354953237294481408
179 648792886050176322295568710853548630686870258449121280
180 1296308577309117247794040569332273498173441819958837248
181 2590065279284254756923649067367431888046267919801516032
182 5175031831448055748453233550850691533245068743223279616
183 10339876245861005989312343473251223440935533890203811840
184 20659397712304453818256830466919507231895693849272516608
185 41278125935600091538480641277069935190780502295644733440
186 82474992953954857573521066000087470935891022045584031744
187 164787628037358371470188085851536437695619373325627555840
188 329250859946592315354394683328481565217693686368537411584
189 657853566233711488960546927226105805472723538694765543424
190 1314412101084905096070096910735254161210473934266511654912
191 2626236688765859917121934604474438005641202216333337952256
192 5247303444427392232260810039981909491992006831019832377344
193 10484277200025958564039901860119017920168632731745703690240
194 20947915357119030232421914746250699272755345143573269970944
195 41854593257791469189403381870881097689592920670253795508224
196 83626792781546228846736682892316160307695620301007712419840
197 167088960292925650665680031744929422681871783899455337791488
198 333848994122032833443591650294904955108699419172824855871488
199 667040782831491428539970996102014661736888778640997255479296
200 1332768448593280469865722892237011026762302056490851018735616
