# n h_k(n); proved recurrence, not an assigned OEIS b-file
0 1
1 2
2 4
3 8
4 16
5 30
6 56
7 104
8 192
9 356
10 660
11 1224
12 2272
13 4216
14 7824
15 14520
16 26944
17 50000
18 92784
19 172176
20 319504
21 592896
22 1100224
23 2041664
24 3788672
25 7030560
26 13046464
27 24210048
28 44926080
29 83368384
30 154704960
31 287082752
32 532733440
33 988582272
34 1834491392
35 3404227200
36 6317153024
37 11722608384
38 21753398528
39 40367325440
40 74908799232
41 139006687744
42 257951795200
43 478675736576
44 888268525568
45 1648341274112
46 3058792333312
47 5676136783872
48 10533087989760
49 19546030482432
50 36271158846464
51 67307628791808
52 124901355171840
53 231776825358336
54 430103393988608
55 798133848086528
56 1481080243412992
57 2748409546452992
58 5100165955645440
59 9464271003095040
60 17562649215537152
61 32590639824994304
62 60477766831603712
63 112227323568308224
64 208257890711732224
65 386459800204550144
66 717145346395881472
67 1330791579318353920
68 2469522024349859840
69 4582640229714083840
70 8503909367045505024
71 15780526268246065152
72 29283591646429118464
73 54340946882129788928
74 100839355489596735488
75 187125477176792350720
76 347244823597218594816
77 644374936723035848704
78 1195753056231137804288
79 2218933869087884378112
80 4117629045334916268032
81 7640997864418198028288
82 14179239489820192145408
83 26312117353926891143168
84 48826844355359718506496
85 90606951072552873492480
86 168137418894301758750720
87 312009082060390119505920
88 578988710117914584285184
89 1074417206801442858598400
90 1993773477959387946680320
91 3699803629586599171850240
92 6865648003058149414141952
93 12740439012749242279657472
94 23642165483182594383151104
95 43872270663110766315962368
96 81412852579278432147341312
97 151076123139174678563651584
98 280348793337482652920315904
99 520237376315108961975009280
100 965393588797882592287260672
101 1791460636475972691741900800
102 3324375932555329434770472960
103 6168974699155406251431559168
104 11447636973345265242238615552
105 21243139851334350285567950848
106 39420449110509987085078757376
107 73151700687819820536835342336
108 135746076827259923092056571904
109 251901147898541676097454473216
110 467447677278732078595887333376
111 867432851402844490288261496832
112 1609676950526808775466080534528
113 2987043758911054044921365266432
114 5542994459061727284845864812544
115 10286018569875229746306981298176
116 19087548941502530922258324520960
117 35420364266236571305606079578112
118 65728827132171796131363160064000
119 121971606042716587339804087156736
120 226340151342178572327705487867904
121 420014672034889063888715465621504
122 779412418337907678125916770271232
123 1446339278854725773834951686356992
124 2683941467110527577694100571291648
125 4980533892835634172266181187076096
126 9242272293065231116057959764852736
127 17150690865096826040697849697533952
128 31826177353682048473677401625198592
129 59059169855913883758210642018828288
130 109594862911368573628837726882103296
131 203372888678673957408395673898844160
132 377394804380177469950832243942359040
133 700323623755891269332598007097458688
134 1299575861400873158923941844468367360
135 2411595671267135550288767794903252992
136 4475147511131264075492662449719476224
137 8304437383511100552221793373128753152
138 15410370291732237325260899071515688960
139 28596700963731949867792146242161606656
140 53066298247735642685176503174690766848
141 98474016750711612416894744502562979840
142 182736167684980951287711277608352088064
143 339099674025962477490360060875412340736
144 629260153483917569345951407885766361088
145 1167704869961883199228466333115788296192
146 2166885438055227720715299600019998375936
147 4021043863428492389025301633505876246528
148 7461766767941074594339420572991044452352
149 13846644102926217928913811295522045034496
150 25694927069665746814853956057235669909504
151 47681537288584964293087908047499584077824
152 88481628768144764175547578216028831744000
153 164193502866319241681946374986995662323712
154 304690439799159425592012460450564074897408
155 565407659160480416227557016920600321458176
156 1049215135361841232690194693504142147584000
157 1947006522527333510367591793466350634008576
158 3613019171188986652915051416005564442869760
159 6704603903655331324559013719071056392617984
160 12441592854907941016192752084975029132984320
161 23087602935484897477030709970025641293119488
162 42843180573646488668966500694972854968516608
163 79503191682360287994645076783814726037536768
164 147532405462215356606022676835821506594340864
165 273772790763276800290369437901541788868411392
166 508034426250230418196867294353189150386028544
167 942748830283033237742377436528694558634016768
168 1749439233006356338261999672953375556154425344
169 3246397695410589789155305823775310547760709632
170 6024272119847272342497615934647326372486184960
171 11179115431628939045904211584943641928476393472
172 20744850057811231890769178697037921861911969792
173 38495783190813996879751745092431973740611371008
174 71435817532754628652818869963119915831771791360
175 132561948441945923898824548625647200551563165696
176 245992427631527262107919163027105841236255178752
177 456482988997048994237873193263423578715111555072
178 847085909310216724929612136785471273247902269440
179 1571919556802050859367212916245887977056221790208
180 2916978155224939042316236603688858672743059554304
181 5412975187718834620372565146905081870528406355968
182 10044744534811333779361652406766068351991231283200
183 18639821774638999289848103254611303296365823524864
184 34589526352432222213798159134336665201357971521536
185 64187058639876653271483661182240884007145249439744
186 119110578585568308224989147844759795051364849025024
187 221031002691481285429005393993829120213980513566720
188 410162596227376125010110676228207516617976731140096
189 761130127879863387904850348360606595624378906443776
190 1412413215868343465902689723396175369160318613716992
191 2620985583524860977397346954494212087995405898350592
192 4863707979977932275632483344519667383182819361554432
193 9025480896650890025475487344774536608352834372501504
194 16748395617324819894955295939477935669633789330456576
195 31079646499336604766921277416759797901597404091645952
196 57673848205767066937372282053468685212819981256884224
197 107024150578188218375058556106427631975299932491874304
198 198602471715028577011157495023448465828037955067838464
199 368542441666033584278383027092333207192148680613298176
200 683896479919206244215864044911248639761852206896119808
