# n h_k(n); proved recurrence, not an assigned OEIS b-file
0 1
1 2
2 4
3 8
4 16
5 32
6 64
7 126
8 248
9 488
10 960
11 1888
12 3712
13 7300
14 14356
15 28232
16 55520
17 109184
18 214720
19 422264
20 830416
21 1633080
22 3211584
23 6315840
24 12420608
25 24426128
26 48035952
27 94466576
28 185776144
29 365343776
30 718478016
31 1412944992
32 2778670336
33 5464479424
34 10746339712
35 21133544160
36 41560819840
37 81732705728
38 160733960768
39 316096303360
40 621628886144
41 1222483363392
42 2404112175424
43 4727880579072
44 9297758648064
45 18284792610944
46 35958520056320
47 70715331158144
48 139067404692224
49 273487272577152
50 537834789016320
51 1057695510106880
52 2080043565323008
53 4090573508442368
54 8044442869816576
55 15820046003863296
56 31111396974848256
57 61183072507515392
58 120321448904598528
59 236621837922958336
60 465335937123168256
61 915120667978243072
62 1799658634014516224
63 3539173916963698176
64 6960071081133230080
65 13687541384229740544
66 26917654570059061248
67 52935739678407972864
68 104102403424743399424
69 204725776283588434944
70 402609758238837806080
71 791764575871482591232
72 1557068925371306541056
73 3062101680525915258880
74 6021870033559159664640
75 11842493321400629258240
76 23289218678890759774208
77 45800127722516229978112
78 90069646746032812056576
79 177129227981756406677504
80 348338919257446324543488
81 685036591939209709899776
82 1347179733163439158767616
83 2649337648239627377127424
84 5210136258432221590097920
85 10246153354392995990953984
86 20149887326234612146176000
87 39626379307105697521639424
88 77928472331762936145543168
89 153252628833373495854366720
90 301383660446361803282792448
91 592695286700802057763872768
92 1165583105457920883217301504
93 2292213226954099595683676160
94 4507822267858884714119544832
95 8864996222714548308821442560
96 17433730382203120002786033664
97 34284837511897359496609906688
98 67423899386280481342312955904
99 132594538529568605259693162496
100 260757858977327640282514587648
101 512801370044943953375625379840
102 1008465271770910763363321577472
103 1983228329282433047738995408896
104 3900178534816099851786584719360
105 7670015791345623455738409025536
106 15083704941795728841431175200768
107 29663322861456225056676128817152
108 58335317919460516493376865239040
109 114721109723897988418002382815232
110 225608319036728643227909587009536
111 443676963560398239247915525406720
112 872526548819896267724445518462976
113 1715893861800471543018401129693184
114 3374443733484934503163400786542592
115 6636115883360994062477550537932800
116 13050457348096326815335286667476992
117 25664777407145314438630561458159616
118 50471855643771632820308062930206720
119 99256976661582115090028214637953024
120 195196853579795304259766429962207232
121 383870362859838489400904560421634048
122 754912042790206313296093648584179712
123 1484595445462314651345596747586994176
124 2919576734451376665927838492229894144
125 5741583226867132367316236681044295680
126 11291286699897838356292996931440082944
127 22205226381235590342303717601961312256
128 43668369402610445036817057027597533184
129 85877371999876673397535107857189437440
130 168884781421775222765905732225093074944
131 332125549858718934129034668072557346816
132 653151692771376456280115815644323119104
133 1284475506180077408588210189947603779584
134 2526024726317405107787393701043935117312
135 4967631447440277758853351300428686426112
136 9769248076036758418969961352121565577216
137 19212014615199629415213664832548202610688
138 37781976944573943786125167369952873676800
139 74301306262330485667634145991299186032640
140 146119514084386315936869924960405709389824
141 287355814726526886571607934722041916162048
142 565108396195860811822982649340698074021888
143 1111331259313395881653477891720542873976832
144 2185522593968043134565132778366276405821440
145 4298006529300573185367247599489860186931200
146 8452376642957034710196023641041507327148032
147 16622280684629788279122571262559742240751616
148 32689056206320908707742393095882172165783552
149 64285666686406747275823795707004654731657216
150 126422950703504200045824281640717842399625216
151 248620933536343339990044333639188517237030912
152 488933126845373756930431115195273740193628160
153 961526445607402006723009135147511010560049152
154 1890919340171421772588778626628377161270034432
155 3718645459382671868041394448034509357408321536
156 7313016350731148830542787924201592339480707072
157 14381636735796619381197135744406243329286602752
158 28282649084975177928513497925700316212660011008
159 55620111532426299357441839811496157884587180032
160 109381437275724559183152140640030583467754389504
161 215107422313026618175399049637248902543232204800
162 423026102843356282425795312322163639122319638528
163 831914964916581623750281929003917976265027485696
164 1636027905134806130405931133645247806763308154880
165 3217380885374710017954005583518903930182761971712
166 6327239119262823516256590565380739009199189524480
167 12443026268451042914528687312767041380247423418368
168 24470215175841426500556582100164253287336671969280
169 48122652627536402318464190966964997900387928244224
170 94637079374636355623617083524647336139779295150080
171 186111452788792903472138018149547360032719682666496
172 366003189109809579947670866335371049907406510227456
173 719774803921242721098797539175969495072716552667136
174 1415495230027704675025539288777144566331254608232448
175 2783685585152019398415263359820687643436406703915008
176 5474342316809838890220220934526010610394030674018304
177 10765735886791364684743399999802221173002180573003776
178 21171688300940696016535734303232794966254987490885632
179 41635833372258525750769215260784393042179354896891904
180 81880225892304127593684947022366435941841633682653184
181 161024071074359625740590445902645785729472963173941248
182 316666828685403612497570976655880925525030678407675904
183 622750870230844173406095595181209429924845057017380864
184 1224689835633389684148606521755557712263184500198998016
185 2408451381124143708828746081596012228374520265585983488
186 4736413977208196213971660699668860370949715973600444416
187 9314540264052281431649510401577162042324169288218312704
188 18317795012882474889785059741647853805057223145969156096
189 36023421942674068657753070246245050601314817534718902272
190 70842965954543046294021118639341404637952956183074570240
191 139318408818104584538681958159001900243683240835375169536
192 273980892444041064067078087081858104202216090254721417216
193 538805532314393957698800474759899605061683273880207097856
194 1059604555131127528481329850839657826597900440044912508928
195 2083797856402671869426723680670121259603285691312325525504
196 4097956624781605783580911264554049811133295105327939715072
197 8058962363836088490672500850068778631055129641351278231552
198 15848599760420304022288209442291844854193193583863863967744
199 31167550241099902257312974109227606706667452800476756574208
200 61293502436566337373060889466295696970262471268624102326272
