# n h_k(n); proved recurrence, not an assigned OEIS b-file
0 1
1 2
2 4
3 8
4 16
5 32
6 64
7 128
8 254
9 504
10 1000
11 1984
12 3936
13 7808
14 15488
15 30724
16 60948
17 120904
18 239840
19 475776
20 943808
21 1872256
22 3714040
23 7367632
24 14615352
25 28992832
26 57513792
27 114091520
28 226326144
29 448968720
30 890630256
31 1766765072
32 3504775184
33 6952508448
34 13791861440
35 27359253632
36 54273222112
37 107663121152
38 213573972672
39 423671925120
40 840448383712
41 1667218061440
42 3307301338496
43 6560774740032
44 13014769681984
45 25817717660928
46 51215239416960
47 101596925916736
48 201540312478016
49 399800458401920
50 793093970000768
51 1573279950117632
52 3120954004277376
53 6191112965042688
54 12281462557085824
55 24363038341049088
56 48329556390250368
57 95872525757303040
58 190184679554372352
59 377274011000425216
60 748407704079319808
61 1484634708974553344
62 2945106266381180160
63 5842279496663957760
64 11589473054593810176
65 22990321801593481728
66 45606464940294857728
67 90470662494431926272
68 179468870979073385472
69 356016798843333517312
70 706239251226101479424
71 1400984115336343254016
72 2779166533178687164928
73 5513100780079971577856
74 10936473165051669018624
75 21694949913134055118848
76 43036803970539589974016
77 85373163036313644023808
78 169356836344406804498432
79 335957307853128921175040
80 666446747212455273524224
81 1322046749654967152166912
82 2622576545813769532133376
83 5202469383512727994556416
84 10320266048893907881013248
85 20472564751171629441077248
86 40611928559325814648801280
87 80562878239932976592904192
88 159814556474980929428523008
89 317028053357644254097113088
90 628896321039890591269380096
91 1247557048749018822765846528
92 2474809500093482202411565056
93 4909340272570656034407682048
94 9738778645780097744927158272
95 19319053935090099584183078912
96 38323680876414872519028977664
97 76023625217465252363713421312
98 150809928979512248264433909760
99 299165353056335569769576382464
100 593461644567716791875160530944
101 1177264412389014700329282109440
102 2335368274199409396980052377600
103 4632727294516169248090412957696
104 9190054700350237736491457028096
105 18230536793176381481181473079296
106 36164362738199116319352661213184
107 71740132893375470194494154129408
108 142312660251108344572080065101824
109 282309112778595899750858589667328
110 560023507516558279799496458174464
111 1110932360221448422622190828208128
112 2203783756257244557755001624313856
113 4371699860624443645833660872359936
114 8672248180938534583917038758887424
115 17203351307161603419078905695830016
116 34126709709268231727800254342529024
117 67697990629060538695503232948043776
118 134294163552711297105361077156020224
119 266402624313351001940456532719828992
120 528469416417967605704755746943565824
121 1048337736195307029533344738114076672
122 2079613266138167921396365742354268160
123 4125379815472122586175288787415138304
124 8183617069104660558415171617619247104
125 16234041792362019600010627546822541312
126 32203866663202759790351064182517465088
127 63883599742196286373173529936587456512
128 126727462844837893898689881890833891328
129 251392374629790066013653721773187399680
130 498693216160912222697749597456253059072
131 989269957814559369451019429252097900544
132 1962439066182604020818847946645789212672
133 3892938482623526561257015020020188577792
134 7722517499089066069348385108532237172736
135 15319347271972848923645737513155981475840
136 30389364720375793503061547346547255934976
137 60284127757689342692754902941728380551168
138 119587102032071391092003266219865071419392
139 237227865847406692881270875404942760214528
140 470594732861931540681665416663136721698816
141 933530307690932002347148093149249346207744
142 1851866955836096438985701481489251203809280
143 3673593876775386988812571343311719858700288
144 7287398227476146879245755975433077468168192
145 14456190506403529661693015224309881554599936
146 28677099485176388719807495230249607731609600
147 56887465236323727744014201377982827540250624
148 112849059322989454564697437402993429831483392
149 223861445349688580256117768029306855947763712
150 444079436857498579412581796334968774585745408
151 880931265013595639044297223405694833952555008
152 1747524945469336512523699928313636059732246528
153 3466608072981127306931170896615392667110473728
154 6876795414459959935813928380935318894603665408
155 13641667640746588417986490289820616584624865280
156 27061310509439778584590139918388606317017169920
157 53682185035863937170867351780165888796758376448
158 106490666415415680222471272706190325474783133696
159 211248145469919878697983740002564768498006884352
160 419058124684816175807152538068526023781257314304
161 831295874686674686356539561168412195107528245248
162 1649062004920776115748733998519053794835014090752
163 3271284724104165851164260697780971610205243572224
164 6489327699155483385155966971838388655451004731392
165 12873038435551863284208726101824728437545959948288
166 25536561912994718171466427269056707989045472395264
167 50657503867559643748714516941981493467524443930624
168 100490532235115570476330259837763214592396345999360
169 199345532209762938093876130800825145985337720307712
170 395446618981159096716921208203126456339934981652480
171 784457152012215558365859003858138078589378440986624
172 1556146882551638356933612489456303477614566971539456
173 3086966718148391004092709576578142996126134918184960
174 6123691552387652157030922973810436421295311893299200
175 12147717048040192460606614461829309400340879982460928
176 24097724096131090185978137181732494937895877216305152
177 47803246018719388054710184208660387255082559909920768
178 94828470971376663186122492826010751265666232901173248
179 188113562481674480775109478680825171733282088741240832
180 373165485292155456255900763187406664429541041589190656
181 740257520915832390205925099580348742008743729228152832
182 1468466990840359699804698816184659738059396322277982208
183 2913033967584537604158654586929513105043682650088275968
184 5778656891323898612579845079805170425452991934789320704
185 11463263332742482674896865542375640122884816523596136448
186 22739956482464369714615757113041651404834401335512137728
187 45109809119307777478269931657070139824276284765328375808
188 89485434167368201088639814641354395493394164155378827264
189 177514449394887347558082081849500168994687023124657995776
190 352139764836286339307456252157510631255405473593695404032
191 698548283825093956598070123329269947869992328617988718592
192 1385727354767350745071506205733398956345121008058363805696
193 2748901323235257716063574628325465890126342846492895608832
194 5453062941196828616599840907562874803413801926126158741504
195 10817374632297536385978942049157181095489368093472216580096
196 21458691234140034479018999563898070643976150469005874823168
197 42568131837397270974539250787180120363430864037073674829824
198 84443446636816926714497273832016722093632554364098763030528
199 167512535131749339852047675499225186170314851369316775886848
200 332298722326562865762111214153266238473067259061764488167424
