# n h_k(n); proved recurrence, not an assigned OEIS b-file
0 1
1 2
2 4
3 8
4 16
5 32
6 64
7 128
8 256
9 510
10 1016
11 2024
12 4032
13 8032
14 16000
15 31872
16 63488
17 126468
18 251924
19 501832
20 999648
21 1991296
22 3966656
23 7901568
24 15739904
25 31353848
26 62456784
27 124413752
28 247831872
29 493680448
30 983410176
31 1958950528
32 3902224384
33 7773220880
34 15484235888
35 30844557840
36 61442279440
37 122392861728
38 243806264000
39 485661447296
40 967436346880
41 1927130700768
42 3838839371520
43 7646958099136
44 15232720755072
45 30343540345568
46 60444253886592
47 120404797406592
48 239846045014016
49 477772701320256
50 951721985299008
51 1895827733142784
52 3776483940973696
53 7522746242766400
54 14985291058450752
55 29850661029861504
56 59462439564508160
57 118449025816403840
58 235950153064850176
59 470012094634012800
60 936262876852363776
61 1865033229101142144
62 3715141368570915584
63 7400551997199009664
64 14741880437328726016
65 29365787702153660672
66 58496573149810428672
67 116525022416482532096
68 232117543268528362240
69 462377545832559167744
70 921054875386178788608
71 1834738929515101389056
72 3654795202149943345408
73 7280342589770236821504
74 14502423608645160107008
75 28888790318756976007168
76 57546395595809860354048
77 114632271186491659097088
78 228347187713876078952448
79 454867007319494312704000
80 906093902093718941495296
81 1804936709412197296038400
82 3595429256786644745505792
83 7162085780153065859211264
84 14266856349752025949728768
85 28419540948322688301971456
86 56611652063590607764232192
87 112770264487969979060961280
88 224638075186391508864339968
89 447478464758146061019593728
90 891375944421543227140252672
91 1775618575796353612053094400
92 3537027610453509303925153792
93 7045749851709877283145822208
94 14035115481189218727367122944
95 27957913737529678712140787712
96 55692091853662514364674818048
97 110938502928181519625039128576
98 220989210897036244917836939264
99 440209936531322869065848195072
100 876897054993331426747952271360
101 1746776665504150117537463205888
102 3479574599749341552186483810304
103 6931303602986002184403420291072
104 13807138849739738697501772521472
105 27503784877330439384482816421888
106 54787468338723169318380037222400
107 109136495226177765388464051933184
108 217399616215431513661563895713792
109 433059473209841389941548769558528
110 862653350551192397013799497908224
111 1718403243095911472763165122854912
112 3423054815698315472500133541249024
113 6818716339341449543626304994697216
114 13582865311760113627384815547793408
115 27057032569745318062629463066165248
116 53897538897512128628712726444769280
117 107363758081035437504865483141849088
118 213868328407388172995586464826998784
119 426025157029686907839674198404104192
120 848641010914169007679874459971420160
121 1690490698781051747217496577035943936
122 3367453099617266166267476132965695488
123 6707957864718561923664462970894647296
124 13362234716781590226196759415032086528
125 26617536995196133834641213316670013440
126 53022064849739562198300984669969727488
127 105619816042234526926913793872785244160
128 210394400376700089654147187222435856384
129 419105101377666413829219130210742665216
130 834856277953660398820338301309625827328
131 1663031546377118206125882628943393751040
132 3312754539050110355646700664998512623616
133 6598998473543391624076512422193749393408
134 13145187891377696391425705301680899358720
135 26185180280370402853394184984956167684096
136 52160811392071874581333903183213034143744
137 103904201382141816514317662480449454669824
138 206976900411131645058653086618701143015424
139 412297450285416374502695084582134750183424
140 821295454585486764706348533092159262621696
141 1636018421301986966875837442669928051703808
142 3258944463768305324216976499580881803476992
143 6491808942758625235510016039795213070303232
144 12931666623293847527564152643193912407687168
145 25759846466607555171262337767793351974322176
146 51313547535157130685436004687310200571953152
147 102216453970565691911983925378693533929570304
148 203614911932531243043560543860367018834264064
149 405600377931629485682782109901578500090363904
150 807954903778326334650881941689335092677181440
151 1609444078598672029479177804298241522820710400
152 3206008441836273614374247335389685646966652928
153 6386360523985919813461098300530172414800035840
154 12721613645834740475893849267221311132404809728
155 25341421478798663829334602693059855598094385152
156 50480046041673396556406052149156364226379382784
157 100556121151348596627533661166230305490246565888
158 200307533251003799557131122668885097795319496704
159 399012088152366907724605653612552382730351935488
160 794831047578258612279421168162921877212411985920
161 1583301390992217932160668634395562780889157206016
162 3153932275740738222996471766857743284343104864256
163 6282624935815548599286062026863809479754830577664
164 12514972622505347733117981154815425942253091160064
165 24929793094791345066093707091596704001978447953920
166 49660083365383379726328219260188098419346750046208
167 98922757620964033236321489458488862268823435214848
168 197053877323076283063533347887876985548682750328832
169 392530813959324647487304200843288689290012010217472
170 781920366149152254392936795421653017573116125118464
171 1557583346978154888033294410323293902755408798810112
172 3102701998582930177798924982390684572585821076455424
173 6180574356221288360931898512907806589052191439323136
174 12311688131901392652543328001478430389269646274461696
175 24524850915291623998066669462560259250840339178586112
176 48853439591179023496478915208261742255120959726944256
177 97315925309085550264110288710612661102759260934111232
178 193853071513791445314409312232068593548952313638420480
179 386154817065924885361537909234333905327540041929457664
180 769219396828640220143544557324533029315419259303624704
181 1532283048942003723920823167588031814597905777881513984
182 3052303870332647239258423476198922381595376646092750848
183 6080181415098514015825800269475681105467611906377252864
184 12111705652845253232654776047459959244926662571657789440
185 24126486334254693411774289347915216652158048540901244928
186 48059898376099975033447980648787521439423710976393871360
187 95735193261095683186801704103570512255290246496205668352
188 190704257362665935704039394910960626262604734557663002624
189 379882387421105144400524232601394254954644496078170226688
190 756724733199429001770373264585566728775294050419917979648
191 1507393711309326269987611775584579940102843630319266955264
192 3002724374143159061541565599613191323926769159307972837376
193 5981419186923499242724892172625472133039075546677458763776
194 11914971549763307922206436962649199656503619768483932274688
195 23734592509756624428106166478388833331375506465928240955392
196 47279246891310108351177857575162886434736383955733567242240
197 94180137522503338284962745474944905612088688388426120036352
198 187606590353450028855185792885921466276536077668168744566784
199 373711842750680263173937108749844906130417056176538791182336
200 744433024175692860764766309851632589493186261295100170600448
