# n rho(n)
1 2
2 49
3 15625
4 625
5 7737809375
6 735091890625
7 1253790880222890625
8 6634204312890625
9 47312447868976594992787109375
10 72624607478879073313928212890625
11 471781339858152691906169456697218212890625
12 1344888824246298437178134918212890625
13 1192383189326318837010090717560917119775712490081787109375
14 29302816877694285419522979384059538218488134443759918212890625
15 773809599269976181834757266975863288418711030598138090961313259918212890625
16 6252626652951131626106113631849575343934966259918212890625
17 128443254482702050280195113790450192248203229063511404531795733474216363952939643740081787109375
18 50505814311415686700926921669111872344877232716208636932970059338063987551755162013256259918212890625
19 5459307042458968475056539002608561386416774915453433484700377479858243312571566433527505616015808882256259918212890625
20 2348721768846756665980285700664623748177010392508950360819994114319011314588230951753547492256259918212890625
21 59398159375578483761719909083903844749453167675182174822120116837802059906879471036661271516297979328544385606882379754905607743740081787109375
22 373700846794280129555091530605472263568170879035863269695501719679773958811436382450957739987570503536467217548348182520899660367392256259918212890625
23 165446262882120608284796060302243297478822270782476550405895049932833483516003405739897827818828911198682661507878304484942397008584985845942583182477392256259918212890625
24 14791978646717251482454851537262662266852513698622537717160417608628919603449703982109788764258006147893269033397396768664981649342546166290977392256259918212890625
25 117971893509323753544620235225199181904738642098125271823885453884227216282532918291726885124590922186702664290777589075634044758697135748191712904613635450197529507110066991450022607743740081787109375
26 11875439518037642253569402401443616681835367827423003184562969490556860119677414501210999496727807754402095372788510228509327159587933591475268112672429246345691721045425271030096103519977392256259918212890625
27 21534795185114059288868072161903650315884360485445984730128461909626517354816981873455191006141360601070621025369791722625486896733326862365895275186557729628236394640028123580590718023805845516637851546767619977392256259918212890625
28 1412007568489448235692743928741280404025704088135064346423528137139619381172433460657359699297304359501487699038940243525648981501504125443488539445881324562080681224439266322489029617459405616619977392256259918212890625
29 1006335358900038580492748336516668491389903127178356212339627324736608829786014991990147141048392267864939364775742889751082941348082003289660878508512236352295127761729381142695754205854336478798773665572058407913782957417545767563042764993380022607743740081787109375
30 1620816544725197729732943045943811812005815827049785131960567914374762701966803071000253979896381837898802600910621917318795165376478942322639704757097613772336479251493386892094633954378805887728362368152988331949763613242661925682386592647950055106619977392256259918212890625
31 12038842464478848594317239639123288469209715873470799383830136928300748367088582294852460486160284265748458441420346897552167454784993227887406753475836714348571343423407716282471930817429105678493983044025888380369225954296977303957759964279000443844505420196811909785074934106619977392256259918212890625
32 227927348961495747972417734460497869543887706236392175477573150309493526738741084021765038008036144867694252071480258037528599914651950547458673676917654005915890904807092189176733919806360775626076965100303526460767399661395547169086625146490104106619977392256259918212890625
33 36869452054586981447225964549032068956237141245599044836804665290630307070780796576575185447421870122286856586562952862658952801970295058201896562216214162712759798376092072885083824302619270121199612361600151917098081821887038978934015425362252727653833006052788321618331841403154528332120814053534676134338265995893380022607743740081787109375
34 950118544738477100564578624513662783184500192266046467771883122544096359282016163816534290514297172694867548497293596955295738453760937028715078741158918096483741692860456369581608276705074809557034478164500259913807635978923494702905936184408411083597792692598742339716001995793712861121431407752850949140072654187927359004106619977392256259918212890625
35 28906040292569616058798394346138398781502022617177885430309214218843587126214413303343043851580217059252463754756346856751917261197976696968246473983777177880702224161537623801256643476918588401041344604261295125349538466719611582995429178816455773392004285913826005509844254068031664004668317528781523216012590748576280483117482038776543667948552671809004106619977392256259918212890625
36 288878149636683486446628504861361270963597369146863030965828012392944071746004491752360715801595510270706792984639555075382945535332081531079192936485501357170677010749874240810856012658907244097907735206835325373896549757394448657693262723953562613147990494688396907295280473990294665689590329241878806465454024633716896712804623177109004106619977392256259918212890625
37 5801636150876956283419527805530331999117474776377510514460761930731439341467969688997515520116942223545316659915760154966987972417466733439034082481095130543941096468726000384852087961824327390134650725889265227324591477768390623551701964182095737050701007741681663208469785506196023144730074022308492072486291972213612209824954969963257319884921312354315529134148137796478393320597791651687693890995893380022607743740081787109375
38 2392112402999751863750746625078061163928727750558929342136112815987940773808088379451839567989853391262154055693460505474142348756236501239288228698785297816822364096677747713562294632576823045269410031401262597481706828235928092430161910301350497655700431186926792706491677596303215792593779273508788121920464509108135004081335649934000886041718104609252931048871423541762767377332388004806167181227001996109004106619977392256259918212890625
39 298093385203109314802526128776179827780372006866780003258953495834041083051521345551381522400581748400801194267466533083506333913698764081907968831403674518044847220455383812994029626840388795832180988640448732583799025891447388504809271352405000671660113750641883931583218901798531026091303347681195591761499207227493575318731548507351567996218756809886705913759761118950892941837647246713992099016293437502734694411775407434733841005799896109004106619977392256259918212890625
40 406671531664607951521532936100896458820433298436802513008656722922963025381695136330187066522627889120550660602626941377958040583192596284823641437347841025366779460903964168896997181309737878053941238598309825906177392841477831453847328217936968039411512342039918205845289088915630106363485857647974178018980642867399686281178455987561654526766782440308092386680775905555605517041183258136165079622102664999777025040091651240896109004106619977392256259918212890625
41 3920975734849615140651938109186983065126921525996825420698455973891983460416806360104624661092232081201710016421589876922085494031363932455677548656593933690172650736009827977886223424042713696326884179174912419504383126194845939646788011513648113125353318851152512046572750427560656612862985283263247363098665707666507833256549134042792223878031668445304573649958784508394635196712461526815466002007445929566651326056360213450878619789666398612789596057845757542269828401442855191127069103890995893380022607743740081787109375
42 25866950476164267707457236346547672281220296859466373594397935158802378099387020163095736114338089953366470110021354147450492719725450453136759867045878550856515832057671169863860558464188660361380170342512650685769842261075951721129310000236594011003655661957802515324900771155629132401878596994144170358614858637817339276100512244470225613163694898131165770319337860167162424905829728587839171323108347080138798028856378594729013808560542973476770076163944219591363723151353508361045609199660232230896109004106619977392256259918212890625
43 13203100699689381522484521692825955175458702148709101815245643177975980776977295144206944613571945437605094702494390271463778365746051096455800484772332234759533464734945968512209160906261938994164633976947202834644316272523454075973259083354595663746688028450032896520426846777108306827477805178661570243150663715464885432584711478834040906431352106945213252783057842637828279878893610785230261448554712553657928636170510298373024231474444752112933292143085622814762321429289190777974744867960190523445334982286571887387134059639454673230896109004106619977392256259918212890625
44 20110922251851165712457161243723891262698615635240497795675555002779432713496296051728893697023317569035399345986208577799505568227626102880249893525077082075467545800293244406814987874930291987509755208947110837636090779082328658284527746069451617375957410622566140966283825797129969979382405621423941612084134534355616470108964634096407593132899765454497480956429819325694091275947307834990896027378117857530129431851661042979140183353248652207010491222755336927941825293423065049722512878991470177601474754392523230896109004106619977392256259918212890625
45 11381452283157568417104161149395059251663514561970596173916269064757201736803974968888205571663315401892274263354427326614863740008731685469542999789583209102084744472460094582009416726539256086288477516864993616338092509795668395423348432957837328660567728665827029882984391654902239790959567652738003153840294858539376981912617500303539139150985927236919183706395275944747133260523921402854471097942494555147332670896178064658075591205955494567370199234169858186003975952812727478984649181894372831784446043365346866579281958315069899371845199796944519589107310601876374125598572151483576769103890995893380022607743740081787109375
46 1201347756125695791608608101200963444525748460799439839726894150247344551172741916001728463071486587380937082850946046532386710079563609002869137242983713790929584184792013146974064382461337886768792727516490443381530647691213285837651215290762067302337888991118562571973692247205253539388143388851072146122084639160279827466003685667972502708735821980048084759389228365483712810610926974873703153173473764355019888975682527345986326556384654887338105979438763449720923607487581921410482046827815918989533008017479436514927584951783483117679256341309947841640046040307039474585748978341307036313744013423230896109004106619977392256259918212890625
47 2511651581643778709826242570069698204433231119625956452628682671718507637524618375389292883214875175598378111777616883136327451309511269533638244228692161256992067778343466475288133179166271120348314962479713461873419134513192401168446992442324920114005958945185698001387658912226122562126217941203214421442951897636834721738837041488565840524520952523901032935935030432527320246836621686251664284456436930121272712290652600926087419778729841597618341236706507449719956792243165716972884441337421640410101406278415180137979533701417742878727593035914385696156278912134181526579043135055797525051136077717707005241343160890361085124275556269523423230896109004106619977392256259918212890625
48 596143540224365354972309500973329799541518763506470197114609622716789947322585321620462023048086903964985233350769152056759794876091685316034510652056779722068519134930299534288958677982286874269228995126490214186542945998146403703478713837037333272623155329887367972725393350554965212149389112109603273160842595108179709107148332238666432016719712541014643935806407299690957720656814939032803247915159120279288606157196793019634631532480267349889116290955490763158554520834658580405043774359225766284274355929887900968596798813798079372043388806584616697229405788746775698668384809871018423423230896109004106619977392256259918212890625
49 141893032516385871431328658228537431423653518937011212298776969105951563036850168924061485195382631573355822584002546838384337124891843407119293785455582191926218873057812164802644565249295482480327281044287984693938206716373277492979926349631455256880369672129423744995029435906555033077408057205030545889181440201537305734573977243636493010310953330302812193984422742458968896844555951922914090295763689258098352884239415970871090797641403535017971693956654801485078404764164321624185208283272111857402997678585595277603949227034400000327564165285555115824609356350065981959374223117414086539845990326478049226262309104186877146617202122374040661759770931715285737026585176563340223516840866260152576576769103890995893380022607743740081787109375
50 239636028137724264209989709039481018474145873108080726229859816763888321742544908418508639238586198074136875565491208501357542579355362272313671002523560826317306959919090424693756855368219534014605984514271597672463832501792649991446280593495051123268654500748743563029010619661927534861072569228873524299077387928225753994205207416613459795153829871024859598650357927201924293711190716955848067358802195618835296459114522637389136025915834039994090434837627666600852141004946416353429871851154269400524817436143267774895579877118552994974531058769982265347318285521667315091106347347900979193341472115328059185665192976416275436315224697655512681416088913720995017699619132719184176195030606519654796566689150657423423230896109004106619977392256259918212890625
