# n h_k(n); proved recurrence, not an assigned OEIS b-file
0 1
1 2
2 4
3 8
4 14
5 24
6 40
7 68
8 116
9 200
10 344
11 592
12 1016
13 1744
14 2992
15 5136
16 8816
17 15136
18 25984
19 44608
20 76576
21 131456
22 225664
23 387392
24 665024
25 1141632
26 1959808
27 3364352
28 5775488
29 9914624
30 17020160
31 29218048
32 50157824
33 86104576
34 147813376
35 253747200
36 435600896
37 747784192
38 1283700736
39 2203694080
40 3783021568
41 6494210048
42 11148433408
43 19138211840
44 32854046720
45 56399646720
46 96819736576
47 166207803392
48 285324406784
49 489808633856
50 840841134080
51 1443449061376
52 2477929668608
53 4253794336768
54 7302372818944
55 12535784423424
56 21519839510528
57 36942522056704
58 63418220904448
59 108868331634688
60 186891298177024
61 320831198658560
62 550762175856640
63 945478418628608
64 1623077036294144
65 2786292118192128
66 4783151750840320
67 8211106266349568
68 14095782368903168
69 24197845472509952
70 41539781914001408
71 71310211622895616
72 122416297038577664
73 210148721194172416
74 360756582970556416
75 619300995109748736
76 1063137141908307968
77 1825058560263847936
78 3133028296249311232
79 5378384298901504000
80 9232925761091928064
81 15849912050212929536
82 27209112095121473536
83 46709141265862098944
84 80184309953482194944
85 137650219817147301888
86 236300381292813352960
87 405650425210386513920
88 696369030693442813952
89 1195437738435553525760
90 2052175389035960729600
91 3522913567105808859136
92 6047689718727396294656
93 10381904136253978181632
94 17822331916368260104192
95 30595111529493345337344
96 52521794223933526900736
97 90162732887638489956352
98 154779906549026809446400
99 265706447709173255766016
100 456131018090936585420800
101 783027688859096531861504
102 1344202295397900171083776
103 2307555450032273682857984
104 3961317558528227472834560
105 6800285903978847667224576
106 11673865498688948310900736
107 20040206780385989041848320
108 34402476869870737694916608
109 59057794550321274102480896
110 101382906537248466743066624
111 174041272895527436179996672
112 298771910430153799544864768
113 512893596886453213808558080
114 880470461056348488743256064
115 1511479647043444250756775936
116 2594715921174289672986165248
117 4454278114008788796102934528
118 7646537856043386068178829312
119 13126603163825081291898880000
120 22534081941981164337564221440
121 38683644399893134130976653312
122 66407158184222877814513205248
123 113999358812133589537695727616
124 195699592708443239488566591488
125 335952157848226991610060079104
126 576719914440632559773755113472
127 990039361088645819645768499200
128 1699573591897724135048550023168
129 2917611670610637133769709977600
130 5008584447925247747795393183744
131 8598100434232338864785223319552
132 14760124711038851732128126730240
133 25338303867448482236204887048192
134 43497575762282782238430113824768
135 74671102970952538742174420828160
136 128185847629085816476195321020416
137 220053151468503032947940188487680
138 377759248519666552888391762968576
139 648489007723066550308741725552640
140 1113243407767298667673993716170752
141 1911074621432270295467084283379712
142 3280689724457740596093468641591296
143 5631870648827016957456433301946368
144 9668078870324090659326685469474816
145 16596927534597240717400602222526464
146 28491493220455928712075275124342784
147 48910569997917710020410045913628672
148 83963442667289119924672258321154048
149 144137753962860863859995170838675456
150 247437354370798165103320800098779136
151 424768963402853510398117175382507520
152 729189304214563532925588525729972224
153 1251779407613252463364525792939737088
154 2148895597162394236139458835312017408
155 3688950512701368427223974969929105408
156 6332720818605358993570075405438681088
157 10871209258112434441590284726132801536
158 18662308685146920501011537183031427072
159 32037076758485859869330873495043702784
160 54997176637957568842621328348699164672
161 94412154421846165566400151783601078272
162 162074772697014452396161630943177605120
163 278229345635085486845742352179044286464
164 477628735702393780243927057488284745728
165 819932234854450986828331156657416437760
166 1407555323832759904757500870843099512832
167 2416311867530903222718632331067718107136
168 4148016736757692032268456463797172830208
169 7120787295558766228678573499222979510272
170 12224061503721245821434884077996721831936
171 20984713268988914023770119890534534217728
172 36023885420375679654720005710217455075328
173 61841222424426400123927390262887425507328
174 106161141318317463843184308900699226243072
175 182243938333861396424468846162032610770944
176 312853202659621351910522923218725280677888
177 537066567531460576382532009161826959884288
178 921967541031833287602494943800987150712832
179 1582716553412146664232881733488588961611776
180 2717006377080614879521745295090974564810752
181 4664210807160484336603564720903628747964416
182 8006923589560341919946355862432053874130944
183 13745267531783747409314984601659336541863936
184 23596126203407755904466330351693364717420544
185 40506826842015796642247078420329879182508032
186 69536965799584782305756899362205193029550080
187 119372214255921547621211107224342329707986944
188 204923027234627013766860718311411630485798912
189 351785776554116056206701794739072633277513728
190 603901056195558581782495173753870993198153728
191 1036700486433706231273691125333603384840683520
192 1779675474228434377667700097811884764097937408
193 3055120389173983704183813437594172808354594816
194 5244641917871672109385234972028880833424130048
195 9003333860153887925982451999101198908333752320
196 15455777890416677198932677318637821728154189824
197 26532512723437977587462511568406227406169309184
198 45547641562311523541730589082667818662519373824
199 78190395064097468537560727526262391685397872640
200 134227320462152336298061786552987972014765506560
