Literal fixed generator list in row-major order; all entries are integers.
Ordering: A1,...,A114,B1,...,B114,C. No inverses are adjoined.

A1
5 2 0 0
-8 -3 0 0
0 0 5 2
0 0 -8 -3

A2
9 2 0 0
-32 -7 0 0
0 0 9 2
0 0 -32 -7

A3
13 2 0 0
-72 -11 0 0
0 0 13 2
0 0 -72 -11

A4
17 2 0 0
-128 -15 0 0
0 0 17 2
0 0 -128 -15

A5
21 2 0 0
-200 -19 0 0
0 0 21 2
0 0 -200 -19

A6
25 2 0 0
-288 -23 0 0
0 0 25 2
0 0 -288 -23

A7
29 2 0 0
-392 -27 0 0
0 0 29 2
0 0 -392 -27

A8
33 2 0 0
-512 -31 0 0
0 0 33 2
0 0 -512 -31

A9
37 2 0 0
-648 -35 0 0
0 0 37 2
0 0 -648 -35

A10
41 2 0 0
-800 -39 0 0
0 0 41 2
0 0 -800 -39

A11
45 2 0 0
-968 -43 0 0
0 0 45 2
0 0 -968 -43

A12
49 2 0 0
-1152 -47 0 0
0 0 49 2
0 0 -1152 -47

A13
53 2 0 0
-1352 -51 0 0
0 0 53 2
0 0 -1352 -51

A14
57 2 0 0
-1568 -55 0 0
0 0 57 2
0 0 -1568 -55

A15
61 2 0 0
-1800 -59 0 0
0 0 61 2
0 0 -1800 -59

A16
65 2 0 0
-2048 -63 0 0
0 0 65 2
0 0 -2048 -63

A17
69 2 0 0
-2312 -67 0 0
0 0 69 2
0 0 -2312 -67

A18
73 2 0 0
-2592 -71 0 0
0 0 73 2
0 0 -2592 -71

A19
77 2 0 0
-2888 -75 0 0
0 0 77 2
0 0 -2888 -75

A20
81 2 0 0
-3200 -79 0 0
0 0 81 2
0 0 -3200 -79

A21
-695 -282 0 0
1008 409 0 0
0 0 85 2
0 0 -3528 -83

A22
-899 -202 0 0
1304 293 0 0
0 0 89 2
0 0 -3872 -87

A23
760901 19760 0 0
-1103576 -28659 0 0
0 0 93 2
0 0 -4232 -91

A24
-103 -42 0 0
336 137 0 0
0 0 97 2
0 0 -4608 -95

A25
-115 -26 0 0
376 85 0 0
0 0 101 2
0 0 -5000 -99

A26
113365 2944 0 0
-369784 -9603 0 0
0 0 105 2
0 0 -5408 -103

A27
-895 -362 0 0
3088 1249 0 0
0 0 109 2
0 0 -5832 -107

A28
-1259 -282 0 0
4344 973 0 0
0 0 113 2
0 0 -6272 -111

A29
976541 25360 0 0
-3369336 -87499 0 0
0 0 117 2
0 0 -6728 -115

A30
-103 -42 0 0
336 137 0 0
0 0 121 2
0 0 -7200 -119

A31
-115 -26 0 0
376 85 0 0
0 0 125 2
0 0 -7688 -123

A32
113365 2944 0 0
-369784 -9603 0 0
0 0 129 2
0 0 -8192 -127

A33
301 134 0 0
-5272 -2347 0 0
0 0 133 2
0 0 -8712 -131

A34
865 358 0 0
-15152 -6271 0 0
0 0 137 2
0 0 -9248 -135

A35
11429 5088 0 0
-405880 -180691 0 0
0 0 141 2
0 0 -9800 -139

A36
229 102 0 0
-3096 -1379 0 0
0 0 145 2
0 0 -10368 -143

A37
633 262 0 0
-8560 -3543 0 0
0 0 149 2
0 0 -10952 -147

A38
10525 4688 0 0
-373752 -166475 0 0
0 0 153 2
0 0 -11552 -151

A39
265 118 0 0
-4112 -1831 0 0
0 0 157 2
0 0 -12168 -155

A40
749 310 0 0
-11624 -4811 0 0
0 0 161 2
0 0 -12800 -159

A41
11121 4952 0 0
-394928 -175855 0 0
0 0 165 2
0 0 -13448 -163

A42
-503 -106 0 0
6800 1433 0 0
0 0 169 2
0 0 -14112 -167

A43
365 86 0 0
-4936 -1163 0 0
0 0 173 2
0 0 -14792 -171

A44
-23119 -4872 0 0
820976 173009 0 0
0 0 177 2
0 0 -15488 -175

A45
-103 -42 0 0
336 137 0 0
0 0 181 2
0 0 -16200 -179

A46
-115 -26 0 0
376 85 0 0
0 0 185 2
0 0 -16928 -183

A47
113365 2944 0 0
-369784 -9603 0 0
0 0 189 2
0 0 -17672 -187

A48
-427 -90 0 0
4920 1037 0 0
0 0 193 2
0 0 -18432 -191

A49
297 70 0 0
-3424 -807 0 0
0 0 197 2
0 0 -19208 -195

A50
-21331 -4496 0 0
757464 159653 0 0
0 0 201 2
0 0 -20000 -199

A51
-427 -90 0 0
4920 1037 0 0
0 0 205 2
0 0 -20808 -203

A52
297 70 0 0
-3424 -807 0 0
0 0 209 2
0 0 -21632 -207

A53
-21331 -4496 0 0
757464 159653 0 0
0 0 213 2
0 0 -22472 -211

A54
-427 -90 0 0
4920 1037 0 0
0 0 217 2
0 0 -23328 -215

A55
297 70 0 0
-3424 -807 0 0
0 0 221 2
0 0 -24200 -219

A56
-21331 -4496 0 0
757464 159653 0 0
0 0 225 2
0 0 -25088 -223

A57
337 150 0 0
-6576 -2927 0 0
0 0 229 2
0 0 -25992 -227

A58
981 406 0 0
-19144 -7923 0 0
0 0 233 2
0 0 -26912 -231

A59
11449 5096 0 0
-406608 -180983 0 0
0 0 237 2
0 0 -27848 -235

A60
-655 -138 0 0
11472 2417 0 0
0 0 241 2
0 0 -28800 -239

A61
501 118 0 0
-8776 -2067 0 0
0 0 245 2
0 0 -29768 -243

A62
-24871 -5240 0 0
883248 186089 0 0
0 0 249 2
0 0 -30752 -247

A63
-807 -170 0 0
17360 3657 0 0
0 0 253 2
0 0 -31752 -251

A64
637 150 0 0
-13704 -3227 0 0
0 0 257 2
0 0 -32768 -255

A65
-24191 -5096 0 0
859184 180993 0 0
0 0 261 2
0 0 -33800 -259

A66
-655 -138 0 0
11472 2417 0 0
0 0 265 2
0 0 -34848 -263

A67
501 118 0 0
-8776 -2067 0 0
0 0 269 2
0 0 -35912 -267

A68
-24871 -5240 0 0
883248 186089 0 0
0 0 273 2
0 0 -36992 -271

A69
-299 -122 0 0
424 173 0 0
0 0 277 2
0 0 -38088 -275

A70
-327 -74 0 0
464 105 0 0
0 0 281 2
0 0 -39200 -279

A71
329313 8552 0 0
-466976 -12127 0 0
0 0 285 2
0 0 -40328 -283

A72
-883 -186 0 0
20760 4373 0 0
0 0 289 2
0 0 -41472 -287

A73
705 166 0 0
-16576 -3903 0 0
0 0 293 2
0 0 -42632 -291

A74
-22939 -4832 0 0
814776 171629 0 0
0 0 297 2
0 0 -43808 -295

A75
-959 -202 0 0
24464 5153 0 0
0 0 301 2
0 0 -45000 -299

A76
773 182 0 0
-19720 -4643 0 0
0 0 305 2
0 0 -46208 -303

A77
-21079 -4440 0 0
748784 157721 0 0
0 0 309 2
0 0 -47432 -307

A78
-13455 -5402 0 0
20048 8049 0 0
0 0 313 2
0 0 -48672 -311

A79
-22459 -5002 0 0
33464 7453 0 0
0 0 317 2
0 0 -49928 -315

A80
14564941 378240 0 0
-21701816 -563579 0 0
0 0 321 2
0 0 -51200 -319

A81
-16691 -6698 0 0
58264 23381 0 0
0 0 325 2
0 0 -52488 -323

A82
-28143 -6266 0 0
98240 21873 0 0
0 0 329 2
0 0 -53792 -327

A83
18058617 468968 0 0
-63038000 -1637047 0 0
0 0 333 2
0 0 -55112 -331

A84
-15611 -6266 0 0
23272 9341 0 0
0 0 337 2
0 0 -56448 -335

A85
-26199 -5834 0 0
39056 8697 0 0
0 0 341 2
0 0 -57800 -339

A86
16894161 438728 0 0
-25184864 -654031 0 0
0 0 345 2
0 0 -59168 -343

A87
-12379 -4970 0 0
43192 17341 0 0
0 0 349 2
0 0 -60552 -347

A88
-20663 -4602 0 0
72096 16057 0 0
0 0 353 2
0 0 -61952 -351

A89
13400177 347992 0 0
-46755024 -1214191 0 0
0 0 357 2
0 0 -63368 -355

A90
121 54 0 0
-912 -407 0 0
0 0 361 2
0 0 -64800 -359

A91
285 118 0 0
-2152 -891 0 0
0 0 365 2
0 0 -66248 -363

A92
7009 3128 0 0
-248880 -111071 0 0
0 0 369 2
0 0 -67712 -367

A93
-12379 -4970 0 0
43192 17341 0 0
0 0 373 2
0 0 -69192 -371

A94
-20663 -4602 0 0
72096 16057 0 0
0 0 377 2
0 0 -70688 -375

A95
13400177 347992 0 0
-46755024 -1214191 0 0
0 0 381 2
0 0 -72200 -379

A96
157 70 0 0
-1496 -667 0 0
0 0 385 2
0 0 -73728 -383

A97
401 166 0 0
-3824 -1583 0 0
0 0 389 2
0 0 -75272 -387

A98
8469 3776 0 0
-300728 -134083 0 0
0 0 393 2
0 0 -76832 -391

A99
-20403 -8186 0 0
30440 12213 0 0
0 0 397 2
0 0 -78408 -395

A100
-34543 -7690 0 0
51536 11473 0 0
0 0 401 2
0 0 -80000 -399

A101
22070137 573144 0 0
-32927264 -855095 0 0
0 0 405 2
0 0 -81608 -403

A102
-17927 -7194 0 0
26736 10729 0 0
0 0 409 2
0 0 -83232 -407

A103
-30227 -6730 0 0
45080 10037 0 0
0 0 413 2
0 0 -84872 -411

A104
19395893 503696 0 0
-28926680 -751203 0 0
0 0 417 2
0 0 -86528 -415

A105
-16691 -6698 0 0
58264 23381 0 0
0 0 421 2
0 0 -88200 -419

A106
-28143 -6266 0 0
98240 21873 0 0
0 0 425 2
0 0 -89888 -423

A107
18058617 468968 0 0
-63038000 -1637047 0 0
0 0 429 2
0 0 -91592 -427

A108
81 2 0 0
-3200 -79 0 0
0 0 433 2
0 0 -93312 -431

A109
81 2 0 0
-3200 -79 0 0
0 0 437 2
0 0 -95048 -435

A110
81 2 0 0
-3200 -79 0 0
0 0 441 2
0 0 -96800 -439

A111
81 2 0 0
-3200 -79 0 0
0 0 445 2
0 0 -98568 -443

A112
81 2 0 0
-3200 -79 0 0
0 0 449 2
0 0 -100352 -447

A113
81 2 0 0
-3200 -79 0 0
0 0 453 2
0 0 -102152 -451

A114
85 2 0 0
-3528 -83 0 0
0 0 457 2
0 0 -103968 -455

B1
-3 -2 0 0
8 5 0 0
0 0 -19 -50
0 0 8 21

B2
-7 -2 0 0
32 9 0 0
0 0 -71 -162
0 0 32 73

B3
-11 -2 0 0
72 13 0 0
0 0 -155 -338
0 0 72 157

B4
-15 -2 0 0
128 17 0 0
0 0 -271 -578
0 0 128 273

B5
-19 -2 0 0
200 21 0 0
0 0 -419 -882
0 0 200 421

B6
-23 -2 0 0
288 25 0 0
0 0 -599 -1250
0 0 288 601

B7
-27 -2 0 0
392 29 0 0
0 0 -811 -1682
0 0 392 813

B8
-31 -2 0 0
512 33 0 0
0 0 -1055 -2178
0 0 512 1057

B9
-35 -2 0 0
648 37 0 0
0 0 -1331 -2738
0 0 648 1333

B10
-39 -2 0 0
800 41 0 0
0 0 -1639 -3362
0 0 800 1641

B11
-43 -2 0 0
968 45 0 0
0 0 -1979 -4050
0 0 968 1981

B12
-47 -2 0 0
1152 49 0 0
0 0 -2351 -4802
0 0 1152 2353

B13
-51 -2 0 0
1352 53 0 0
0 0 -2755 -5618
0 0 1352 2757

B14
-55 -2 0 0
1568 57 0 0
0 0 -3191 -6498
0 0 1568 3193

B15
-59 -2 0 0
1800 61 0 0
0 0 -3659 -7442
0 0 1800 3661

B16
-63 -2 0 0
2048 65 0 0
0 0 -4159 -8450
0 0 2048 4161

B17
-67 -2 0 0
2312 69 0 0
0 0 -4691 -9522
0 0 2312 4693

B18
-71 -2 0 0
2592 73 0 0
0 0 -5255 -10658
0 0 2592 5257

B19
-75 -2 0 0
2888 77 0 0
0 0 -5851 -11858
0 0 2888 5853

B20
-79 -2 0 0
3200 81 0 0
0 0 -6479 -13122
0 0 3200 6481

B21
-211 -38 0 0
472 85 0 0
0 0 -7139 -14450
0 0 3528 7141

B22
233 42 0 0
-1104 -199 0 0
0 0 -7831 -15842
0 0 3872 7833

B23
7781 1402 0 0
-299624 -53987 0 0
0 0 -8555 -17298
0 0 4232 8557

B24
-391 -70 0 0
944 169 0 0
0 0 -9311 -18818
0 0 4608 9313

B25
-123 -22 0 0
520 93 0 0
0 0 -10099 -20402
0 0 5000 10101

B26
4433 794 0 0
-170704 -30575 0 0
0 0 -10919 -22050
0 0 5408 10921

B27
-407 -54 0 0
912 121 0 0
0 0 -11771 -23762
0 0 5832 11773

B28
437 58 0 0
-2072 -275 0 0
0 0 -12655 -25538
0 0 6272 12657

B29
14785 1962 0 0
-569328 -75551 0 0
0 0 -13571 -27378
0 0 6728 13573

B30
-891 -118 0 0
2152 285 0 0
0 0 -14519 -29282
0 0 7200 14521

B31
-287 -38 0 0
1216 161 0 0
0 0 -15499 -31250
0 0 7688 15501

B32
9981 1322 0 0
-384344 -50907 0 0
0 0 -16511 -33282
0 0 8192 16513

B33
741 506 0 0
-1832 -1251 0 0
0 0 -17555 -35378
0 0 8712 17557

B34
1249 362 0 0
-3088 -895 0 0
0 0 -18631 -37538
0 0 9248 18633

B35
-68959 -1942 0 0
170480 4801 0 0
0 0 -19739 -39762
0 0 9800 19741

B36
577 394 0 0
-2576 -1759 0 0
0 0 -20879 -42050
0 0 10368 20881

B37
973 282 0 0
-4344 -1259 0 0
0 0 -22051 -44402
0 0 10952 22053

B38
-53619 -1510 0 0
239368 6741 0 0
0 0 -23255 -46818
0 0 11552 23257

B39
1169 794 0 0
-2896 -1967 0 0
0 0 -24491 -49298
0 0 12168 24493

B40
2141 618 0 0
-5304 -1531 0 0
0 0 -25759 -51842
0 0 12800 25761

B41
-78051 -2198 0 0
193352 5445 0 0
0 0 -27059 -54450
0 0 13448 27061

B42
957 650 0 0
-4280 -2907 0 0
0 0 -28391 -57122
0 0 14112 28393

B43
1753 506 0 0
-7840 -2263 0 0
0 0 -29755 -59858
0 0 14792 29757

B44
-63847 -1798 0 0
285536 8041 0 0
0 0 -31151 -62658
0 0 15488 31153

B45
-1379 -102 0 0
3096 229 0 0
0 0 -32579 -65522
0 0 16200 32581

B46
1433 106 0 0
-6800 -503 0 0
0 0 -34039 -68450
0 0 16928 34041

B47
49237 3642 0 0
-1895976 -140243 0 0
0 0 -35531 -71442
0 0 17672 35533

B48
1433 970 0 0
-6416 -4343 0 0
0 0 -37055 -74498
0 0 18432 37057

B49
2757 794 0 0
-12344 -3555 0 0
0 0 -38611 -77618
0 0 19208 38613

B50
-71803 -2022 0 0
321480 9053 0 0
0 0 -40199 -80802
0 0 20000 40201

B51
2313 1562 0 0
-5744 -3879 0 0
0 0 -41819 -84050
0 0 20808 41821

B52
4597 1322 0 0
-11416 -3283 0 0
0 0 -43471 -87362
0 0 21632 43473

B53
-89419 -2518 0 0
222056 6253 0 0
0 0 -45155 -90738
0 0 22472 45157

B54
2005 1354 0 0
-8984 -6067 0 0
0 0 -46871 -94178
0 0 23328 46873

B55
3985 1146 0 0
-17856 -5135 0 0
0 0 -48619 -97682
0 0 24200 48621

B56
-77487 -2182 0 0
347200 9777 0 0
0 0 -50399 -101250
0 0 25088 50401

B57
3029 2042 0 0
-7528 -5075 0 0
0 0 -52211 -104882
0 0 25992 52213

B58
6161 1770 0 0
-15312 -4399 0 0
0 0 -54055 -108578
0 0 26912 54057

B59
-91695 -2582 0 0
227888 6417 0 0
0 0 -55931 -112338
0 0 27848 55933

B60
2673 1802 0 0
-11984 -8079 0 0
0 0 -57839 -116162
0 0 28800 57841

B61
5437 1562 0 0
-24376 -7003 0 0
0 0 -59779 -120050
0 0 29768 59781

B62
-80899 -2278 0 0
362696 10213 0 0
0 0 -61751 -124002
0 0 30752 61753

B63
3841 2586 0 0
-9552 -6431 0 0
0 0 -63755 -128018
0 0 31752 63757

B64
7949 2282 0 0
-19768 -5675 0 0
0 0 -65791 -132098
0 0 32768 65793

B65
-91699 -2582 0 0
228040 6421 0 0
0 0 -67859 -136242
0 0 33800 67861

B66
3437 2314 0 0
-15416 -10379 0 0
0 0 -69959 -140450
0 0 34848 69961

B67
7113 2042 0 0
-31904 -9159 0 0
0 0 -72091 -144722
0 0 35912 72093

B68
-82039 -2310 0 0
367968 10361 0 0
0 0 -74255 -149058
0 0 36992 74257

B69
-3571 -166 0 0
8024 373 0 0
0 0 -76451 -153458
0 0 38088 76453

B70
3657 170 0 0
-17360 -807 0 0
0 0 -78679 -157922
0 0 39200 78681

B71
126533 5882 0 0
-4872424 -226499 0 0
0 0 -80939 -162450
0 0 40328 80941

B72
4297 2890 0 0
-19280 -12967 0 0
0 0 -83231 -167042
0 0 41472 83233

B73
9013 2586 0 0
-40440 -11603 0 0
0 0 -85555 -171698
0 0 42632 85557

B74
-80907 -2278 0 0
363016 10221 0 0
0 0 -87911 -176418
0 0 43808 87913

B75
5753 3866 0 0
-14320 -9623 0 0
0 0 -90299 -181202
0 0 45000 90301

B76
12197 3498 0 0
-30360 -8707 0 0
0 0 -92719 -186050
0 0 46208 92721

B77
-84891 -2390 0 0
211304 5949 0 0
0 0 -95171 -190962
0 0 47432 95173

B78
-5051 -198 0 0
11352 445 0 0
0 0 -97655 -195938
0 0 48672 97657

B79
5153 202 0 0
-24464 -959 0 0
0 0 -100171 -200978
0 0 49928 100173

B80
178621 7002 0 0
-6878184 -269627 0 0
0 0 -102719 -206082
0 0 51200 102721

B81
-14031 -550 0 0
33904 1329 0 0
0 0 -105299 -211250
0 0 52488 105301

B82
-4643 -182 0 0
19720 773 0 0
0 0 -107911 -216482
0 0 53792 107913

B83
154953 6074 0 0
-5966864 -233895 0 0
0 0 -110555 -221778
0 0 55112 110557

B84
-5887 -214 0 0
13232 481 0 0
0 0 -113231 -227138
0 0 56448 113233

B85
5997 218 0 0
-28472 -1035 0 0
0 0 -115939 -232562
0 0 57800 115941

B86
208025 7562 0 0
-8010448 -291191 0 0
0 0 -118679 -238050
0 0 59168 118681

B87
-16451 -598 0 0
39752 1445 0 0
0 0 -121451 -243602
0 0 60552 121453

B88
-5447 -198 0 0
23136 841 0 0
0 0 -124255 -249218
0 0 61952 124257

B89
181621 6602 0 0
-6993784 -254227 0 0
0 0 -127091 -254898
0 0 63368 127093

B90
9341 6266 0 0
-23272 -15611 0 0
0 0 -129959 -260642
0 0 64800 129961

B91
20249 5802 0 0
-50448 -14455 0 0
0 0 -132859 -266450
0 0 66248 132861

B92
-57639 -1622 0 0
143600 4041 0 0
0 0 -135791 -272322
0 0 67712 135793

B93
-19063 -646 0 0
46064 1561 0 0
0 0 -138755 -278258
0 0 69192 138757

B94
-6315 -214 0 0
26824 909 0 0
0 0 -141751 -284258
0 0 70688 141753

B95
210401 7130 0 0
-8102032 -274559 0 0
0 0 -144779 -290322
0 0 72200 144781

B96
10729 7194 0 0
-26736 -17927 0 0
0 0 -147839 -296450
0 0 73728 147841

B97
23381 6698 0 0
-58264 -16691 0 0
0 0 -150931 -302642
0 0 75272 150933

B98
-44011 -1238 0 0
109672 3085 0 0
0 0 -154055 -308898
0 0 76832 154057

B99
-21867 -694 0 0
52840 1677 0 0
0 0 -157211 -315218
0 0 78408 157213

B100
-7247 -230 0 0
30784 977 0 0
0 0 -160399 -321602
0 0 80000 160401

B101
241293 7658 0 0
-9291608 -294891 0 0
0 0 -163619 -328050
0 0 81608 163621

B102
-8779 -262 0 0
19736 589 0 0
0 0 -166871 -334562
0 0 83232 166873

B103
8913 266 0 0
-42320 -1263 0 0
0 0 -170155 -341138
0 0 84872 170157

B104
309677 9242 0 0
-11924776 -355883 0 0
0 0 -173471 -347778
0 0 86528 173473

B105
-24863 -742 0 0
60080 1793 0 0
0 0 -176819 -354482
0 0 88200 176821

B106
-8243 -246 0 0
35016 1045 0 0
0 0 -180199 -361250
0 0 89888 180201

B107
274297 8186 0 0
-10562512 -315223 0 0
0 0 -183611 -368082
0 0 91592 183613

B108
-1975 -84 0 0
8864 377 0 0
0 0 -187055 -374978
0 0 93312 187057

B109
221 148 0 0
-8952 -5995 0 0
0 0 -190531 -381938
0 0 95048 190533

B110
-6163 -156 0 0
15368 389 0 0
0 0 -194039 -388962
0 0 96800 194041

B111
489 140 0 0
-19808 -5671 0 0
0 0 -197579 -396050
0 0 98568 197581

B112
-5847 -148 0 0
26272 665 0 0
0 0 -201151 -403202
0 0 100352 201153

B113
2621 74 0 0
-100696 -2843 0 0
0 0 -204755 -410418
0 0 102152 204757

B114
-83 -2 0 0
3528 85 0 0
0 0 -208391 -417698
0 0 103968 208393

C
157 4 0 0
-6712 -171 0 0
0 0 1 2
0 0 0 1
