# Derived from the proof in article.pdf; n a(n), 1-based.
1 4
2 21
3 127
4 749
5 4455
6 26725
7 161007
8 971613
9 5866487
10 35426517
11 213940607
12 1291991757
13 7802356615
14 47118492485
15 284548794383
16 1718391139389
17 10377369263383
18 62668963071925
19 378458048186527
20 2285509240092589
21 13802196867711143
22 83351506551819813
23 503359987652045615
24 3039792412363697437
25 18357315116444196407
26 110859878758345639573
27 669483126500996652991
28 4043010525445247687821
29 24415752185259080836551
30 147446797632643753197829
31 890431634756164140504655
32 5377319201939701167576573
33 32473646118230779056768855
34 196108442257192559178534261
35 1184299446527254123377458911
36 7151987761981824338073086317
37 43190874653812189464043500263
38 260829816191463580310965910501
39 1575152009765282654483716688239
40 9512347514926518183963962795741
41 57445093986968321913850405132407
42 346911087719771528104540336987221
43 2094997055975160266194718696990207
44 12651693243341802502687018459143757
45 76403611865275319631257829921253383
46 461401631685287880028049439505153733
47 2786405780099030928930444168451867791
48 16827112515859036576669762348676177853
49 101618980854725478431562262026452504983
50 613677317497029410277749330027334431541
51 3705999084449952151284176543316244419871
52 22380539124310011631983669148426816420653
53 135156140107118641234031052192760157799719
54 816208318628618308571655771369125047781797
55 4929084382482063244942861200504334071728047
56 29766754755024017927283718952319624849834141
57 179761517533519181913914950974840480684847799
58 1085580321129892376617519972376321376116331029
59 6555822679927779558385202262363033143923592255
60 39590632009543338339770952104293349914978779149
61 239087940513416178800987974942649098166247426631
62 1443852760046054783011908451018590323724713974917
63 8719430968437443235296022086087562322553896571599
64 52656668683391814660528323362666928179522347862397
65 317993773546598716407671759763183672015021345831895
66 1920365312557254284186773659261149074675992348801269
67 11597091642842218589299793730395805461488588417911647
68 70034869768285836059342770910905273528326610347601133
69 422940779853893368866449073945825677913608623751559015
70 2554140585329137403527649593140580428984841428017919845
71 15424462336970875343334043106282661939568307015163930095
72 93148372392342069846290221060728966460131531816388704861
73 562523288642966563468168154914024436658040471430694038775
74 3397079757152180520897733321035024877870897384692770351061
75 20514974418734954100735071446936605746833462737440703500927
76 123889989487372499373527507348113286251454846049567794430413
77 748172002650137368974940122553779896454982433648620641700999
78 4518212874709872294973443932176204848133337429569300727749189
79 27285500538490779596608175431266563798210771091569652461928719
80 164777216187226915224061744142491747782788724566546121693549373
81 995090082225551358426331038767395443648401822286969953693926935
82 6009351867059959011497193869884814153540823185933536480786063029
83 36290493199741935771005448983703277088268132030410154825234899359
84 219158392754400374524485966897789880644483996428679659854210432685
85 1323498163839601885386201203976678660249183262776479516365894846887
86 7992609215973670265232115816250306417398050370818741690448074196261
87 48267390030931124474736830596039032990671531917143978806602646053935
88 291486907146906864391799498081202841884989850855114186287907260486685
89 1760290270172506667554964990015092838195168228717954375451007084807991
90 10630398001726774229257186108339292571649281230763289740448460374121877
91 64197004090718619598217565666785412085227236646838722647165609448929471
92 387685892245454701780341743221847984361608675288385450522779712269722509
93 2341236217717583771450898263428439512731712543680213185150737123971706567
94 14138732248946832996187976693321222426984551176291686593132471403267880965
95 85383844694787202089988912551552330603515507712244308197504963354539003727
96 515633283557412907082623811893143136185125025005443909094849313119558319357
97 3113910881649858195922967723015265375910952463691246418719882381826750623831
98 18804916765575223456743728073354607609637518749136075193023292793919420048501
99 113562946404185262295595267446271541908053442782790856412811477179207986583519
100 685806959784507301723258536976775145340715862741038717656716722481916237836397
101 4141590201568908695708738170389102058574721766972276775422620696972938204003303
102 25011075132747701812917982865258393851047067669288863745847202945137111353062117
103 151041954623849417510405932754986611127442225516143523084928472541143561332621935
104 912142798160739842378331377614009754305722662393242729291985968525738076712832477
105 5508432980151140504429247272570641607126310475245730549120663510232821546148249975
106 33265442601751149361150508760137637601666922218215548170489975512837308308629762901
107 200890103497281298599080273318436188658769805792483914933064636544115728212148043519
108 1213175912501580231920147240841718849532953467505305688123962420148119726034258650445
109 7326372823009472315349526784326378294621541334251955045243463650030772435697259655431
110 44243986538647888788092362534962793246027061192479446389333874881321257138298794980805
111 267189561891276507768439418124550475592030265745317678281780583314707076155166512266639
112 1613558532328266775065539346903294106417143577827292953469922599028554064675038307993277
113 9744284615088305688066809730265175629518451699144043508624325361161069487190537586342551
114 58845762801574985542052778722162140082064105248759269569517805906802683376188202964306485
115 355369730717563315206540048799840315165218305576926267029855902096751892093716333396782623
116 2146078825354158219163483501648960356565577309305234901430761680435166894100402344301953581
117 12960176195461939142486328042561301503454345985688631548597370829674261382426747968679906855
118 78266541299898229271395118209610757658772190823506069732880865983964412975345228747025006757
119 472651867896178614073426820524197841876322602103242489129030432336241875137539740729021022383
120 2854345988916686278670064406512036411916846940218343199380428982933545804175238489869826418589
121 17237403632210730802116019428285680537808189279656084988125816036433910786915365753712015498167
122 104096730085801935755906823805105194311265477270944608193491646766154304248670251204247661504789
123 628640452226072696302558321074958789962545804869580659746409286600143160398664218934830442816831
124 3796361498091880721542637426854582750513286489265660933877817791085373559523094700624948129122061
125 22926238000050675120424273163709103369877066309871748988419034767675050393331809769645627493700423
126 138451617186390121075140857942265973658196696847672347048070795732350017405916244374613372070564741
127 836109714183563233778048588765842716552256846707987254422674844082854521274089677094930219977706447
128 5049268967447205384682636649156568575266824088499145159991081934827313332079758839109174904496124029
129 30492549809112798540704070686199085302756070099106362335284162055164152357691653097169235551916221655
130 184144595951541931763540672013419203485229447944462627078241273086441981488127064349567143351496708085
131 1112049744295990226394608654297302013748488762628850510143505254426470586964572269112497757693450970207
132 6715671602517218153028476223348981417499293286362499349615220155044522775279532653384072558166455268333
133 40555960112564904392948780197807877605392052520818281869811996614402410919581263563987085311387039432807
134 244917559702509069282181143062364625758510824724237852867244819604688471643667484788536140026421648928357
135 1479057847086891524512051174800006796278728199201217529554439297155227763882046671285126266033771306557167
136 8932034590278091431287391755734554047823019409384562587431355333436832928378473826804228749070538866352477
137 53940582566840831083910639824558548389576286288019382554028151971301535936446094205494885574080417223611895
138 325747333179504115561900225778384716983746515784686568627576313995476985112561354680441973410627853730299605
139 1967189081468860847790693829656754941699859651000999854770314589079762140565731603932522362299933511089073023
140 11879860517899670989846673089334389740553804558195631798532882805342943323932283977553808902469136392936802509
141 71742511817609150361846131939609846652605393917733137332639921802201182399027017857625124582540740089365599623
142 433253235098568559117714800548190244448519143695412553972575073005655040213436863715587967460115295023496663365
143 2616417532196058815576378167454663323723757881994116775794082730851052201803892353735012767688084384128629340687
144 15800552998122395385010355296001956123189465821676099032992364626574220142026660789221650135959050877321094937149
145 95419584976151568887260690665859533893037449085842940460356530032825039395591493129938945058699425153517666922263
146 576239147965451556332808986028702315761452081104070969040416772960786439973158828821757301470519554024793081640373
147 3479909871028468247393250175109521964068707630788946651903231364859504884189856993874556310212097163797164478921375
148 21015185714538458381593300415202341919196648600044973719327697276770049582199678396758874400266613769146642003658157
149 126910766940644241893080551101438880067196131710213811773693747681257419944467281722483333093102350268913887424975527
150 766414486374014497330521332688795969339365535237247604985014325278060626335172296892237716838314656193197174816029733
151 4628379286358464880637716956831830937146710626931403094216285031961906632519042651715648039010013267435784241121697071
152 27950795815122536457317882152267651687422208773360332584601013234141385203035785495226982265566149943207195603122060061
153 168794936275273193014117068011783379675289607626502848979068774841966440370475393299287769798452364872465211533404532791
154 1019353105386657133080714869659180120051631837617485763012299371050120760046644140111058047796719207680042961160871654549
155 6155876333676702180986824217467993396433256750738354427683501383321009903159647790064773401998110187542082462510917439935
156 37175354874841726835320714073722637418945133990337665656131724761826392000474724139042443409302191329072807955687864986253
157 224502074953963747819059177715654062497136796074711899783056737176822765611646264815705560806184113578789341208942700787655
158 1355768676003788612693223725020286487547410236350014149384521002973133638923431224286009033673643359584688276485541308116741
159 8187490931698459081461889353068277513291913511018394865711311832915352651286484553333469075238779543091985064677999098366031
160 49444281272402827162042733479405615894601054658501617792770771034496368347654222710030667174375612106852567083739956553589757
161 298594156737262483881663229334000046162085087960085484404119885388144150909890804112262713152938628916937814079603371936717143
162 1803210970879263232822627691935260189202382244966096450558532304510553042746715638444120721610745336572919711225386619995847541
163 10889596236675323092191715625183034041844253339802390068308820547289911016994966315479902131650342478212546770107623030721622239
164 65762302976667774036977834656560551481603362671461826175480438806237713812630181589831681873290841249997985589417406576882874221
165 397138736717331694275489373742553853287729830995583352316488666852202262794063566746713418301368822370813927807628542742275081447
166 2398321972656527728770090410855657547736197841397388274657367942218321655576225598349819311128178824068415834936821480716272593381
167 14483473287122624338157469254030987107094366893870324846464411560890638488602618628194278583434196572104789607647483093851227569007
168 87465736815328211271761907908005041079948459228665961164304239113395627573224636612974201742282255408929898668435782112878110094557
169 528205836057996240677491448870592395395004444641171949066078320684296434438857136525328449112921625289482883358098070448078023780983
170 3189836562342116036884697452215924089676669286653077905785562498965245003155730894792451000783899705750667712961567910364824146528853
171 19263432169532791155190843803935974848013159732103140693425374048949388407264819411279605210649828524620591952759600223515268478113791
172 116331922246739800493757843025692866203508742562780322347272500368492099862589629439721689841440427745428568929822184832008256412036173
173 702528812857430804691934346822730223149199175012581260755998529666802203440689063011264151737740667821994026416098830406229526753737223
174 4242573520345166221271395442590432914009245972939259138432410255556409607399019750363320270710157588744365365980759607803625829715733701
175 25620913685125580163206582594435836588493858138179880011965462214626984262554964263087399539947991580262576363872963109091744078659204751
176 154724771394709848561387194463357635589816751826460642870528497681523697722179402851180386885761523677379548319164187558955570529659071933
177 934383339226642533524030228783249106294947909991345550702075712531525123416943184389805417647946598443424508139381462232361317352347362199
178 5642743671581096962412513127876342938364522789584338951050866201374676219768795859629713179905036267648685700854141925742408432042729218357
179 34076545253388046664586992206121162947257923699435670071909654578424276071605907426125847871284696146661591207801627149699450421529035343647
180 205788354742123537020184911118154794576727875201522243618123620763933764710328741009661126765249108665574574627153048941428577277089049119021
181 1242756465849763979457834515465811201474104110718356086123867337608771079071982016771994057801012486179770147607500791998899889833097022314279
182 7505009869711825938560466377804489442821270102404682527005790390832211038653525349198757328259770697048020244930388434072013303327975095941029
183 45322776177195952792656684047668353708340910430067725207670429745486235355605447458499894879886038779391961827092845921680155097614554601355695
184 273704375619572034754802540726314063332149779872316675600555141958097437847723034066861507114837444267955079294369995581146533036076660552371869
185 1652901511161018034759253817846775548338099206642405717158303310767634137769009319412302401673583880493282386614919847637054059117774948976002231
186 9981876977355167221559794655907599049872987423069803325596341419620417523176271322062446887935827996526285183119996566538479989828568280217092117
187 60280583760290886697392013672380202793887062910541859275929019288638013364743736468139268299460057337297089462170387175133480000243745982731910719
188 364034618611805018382943793547767960532715970209972745861257556526287538381152010290240508041097546095350020048546446481455437924889164783836532237
189 2198406108255691676416908937424922689513665681579108000292450504834085283873440353077066180927191623016779472849443768083818386443394999714278841415
190 13276180807325038267607785441632861736693295793454651443172993794957967313167384628757644086559322604223940728411083149947939684701335543617213385349
191 80174894059330757554662560515155392485732467712187175416601682963923297020622990485884103729624109991105626497333085415054169813749403749678961198287
192 484176415696169159284277362993416316873394673160538536356468365287932346901276625841013552511362095956336126820203271808881992143944833404476654475133
193 2923942766209455314909673237627508980705781307889873258662431044325530127165068319615124598277002560172329967305732351705912519659611202702113267600855
194 17657698770345631465461028502417926283379260157685467434072597754391144977668257665280083126596021757871140517358798702683697340984082093932098747492085
195 106634893633184877558889336264649581393387713447488085599589651483973524813571463486987578766453737524387747167989588841929300729808335499905523968114015
196 643968429184958679893358860776508908563476434369193936394137226458505549077407135797709255718025929423478266615712535121583929101500974094256187331295981
197 3888927195008609914101273382266604794449010728297600853374296051335735669448562615586494436217957581798035855102462974472120584604781748829511932016593255
198 23485242509821448454266097392596732790470663435327519378027269011512719405453759987992737801870575291416927604405762679515539946730283318807209864558060901
199 141827447027817995769840414694966877288569467424879070312233778661191249012497740665549834921230182883382438800445084948619153839173726959033206419955963887
200 856496360300153800336781199910682804115905966454862316976371361109119124396553113616095100871285580564882808707036846682376067211100061514713310453256489053
201 5172383981949033597266144902457751210730014253331229943978812269874366158222028475551081450167295250701694758357625705262525524393493345546364738563567140599
202 31236041735597480039895558718265876998849327156234802342440615991645225187876542082037709391470071920572248751851185115756037898092748667675566309013359580629
203 188634545832835203722855660090966099590723293402898916629766617416297915278916312739786376408360454050382529894362324119194219693557991808709645954934708667519
204 1139164564535992960781407785359313139251035654873140358038399332152374386408675893327476037329355618185165254937726600629958906133793193289871001738367755423693
205 6879418079891235792349792430719960558656719395020198833527030630024756597744458982641753506376806953843257584433135524905049698768570181047377488670489972334215
206 41544825560134508739649315184944312719199510730523804865569732497217080259015298590937592351152530565310446417742068721669855436814812953604819976378038616770629
207 250889320982988342533571375209334562650257599458369582607604082390998458298409973497326014009870400141172222147712109621657244342592512536480447480324467474232079
208 1515121330626214273554825707230124790408796918800166724783076366994262471509209356133986265820703592595222196024959627280068554869819449957461807111830291927277885
209 9149822071040655195404666937703003909775629391925549517240260475474417939944738212966277179106660844317415742658226208666820439150937089083660313523626678478034967
210 55255801789220888912113813352575571678955830370874296358212162888444781749157307564964101791772836817907741279243283853665889275753048739608746488552546969130552501
211 333689945844204838467888643962057920197944491948840406114351686180378108655083087081927932117818755455790088750961289681310035823246794111008250041076269617321546655
212 2015154542182933858292096588744542750079275603924265717508787862318109690131426899401169348821622805115971916608421226715887274849500958912446287818600245444308339885
213 12169524073034141470976599904326542077500747309458858485096546852576569422770335405010904496703361634360314987300854140048855602931742622860034232120283125125111946151
214 73491790859737120538970724069638929895611057680180777668004177173205054436861374293577114864642572475281985201161140824700419090819771441774794003869444385367422677797
215 443817136262481347488989825159048483349542168217486660323608311112066516323239012274636913947377617076435498001348427123045290931775234687117162517072830922325274842671
216 2680212961692066035464661677799448871002090718520913396646981169481623928571009585997772397503076158839779713440571149981977036778998731319924124183814680088046606328349
217 16185813780236016002945162219375916112923732174192134834580531967288259498933565798167633910251746119315308698905356786521479496851284252426756663109894659463789722966327
218 97746175946811751156312342150107583898197151826332986752054298296115989147625137386180703902327195753443155353710865057077306859012128654443317878283695906516015059684245
219 590289437525319309832670972227484247712453850858687292727822086844315799590864360368677277034490736220549068114940793144089066030907800748797870226395501056149137834584767
220 3564759610069668298604179697519356268722363809449197319002047391453165623164820648340914463125449951903010816549239692754480289002735382736219304019773940934663839899300237
221 21527593532518510909872772431644954859401395420639160198302726685783903620245675902689945050846724463789843691886618753900521958644605448569826922432468990451115565916209351
222 130005199226400452344601485462466852056678349745232209205241764898346410804403618657721158311714282025741148175786654909279522863483680981073894711969632083950548592311625221
223 785101771842994538136376836649764356261559041349291262167881514927477676601458931263163021246326283378637968277810749052670748553983521643782601135976322217883184285647110479
224 4741231857024367266097420568318588558322984013866038102520474842036190443549427435257067547345640238265937297288272380740382182863413959279027771798324707911224321069558270717
225 28632312813781497442767542775688498878583123968013251835317499150725865730830915735764505362881023393792269884916292091942110676530938412926388300443502209556439496838458835543
226 172910619389272945312457478164738645178381165803232876095811495446701648810187218586349542169175393840121003027286672608361251233089982554924529700939090820439547165769613038197
227 1044207727543101823494342484645416703321144079072863346917219621921704654688545636004445623513294137338715093377296485608562166574699990098158664184987924202674839049321511930335
228 6305973468326915800921939983952229578686463077300375816303659025349636911228220905102727143460282578718866983920666518339369864173473124428187483962451081276517792016170557767277
229 38081791902465687398339966743871340045230984793850067122820649078855579962393729275775417659227860220099466069058910287477418965115063465889447422286363899465221581061301678231015
230 229976050769441390545982707587434168015251979900695536647984914991337264957870849113226553047002416662265433120744968001539562910645593873178718204264658485555278314396202084524261
231 1388826031689025461949515379911380831732218905826332539264429658462375574591085046010030121955038909660063837943184238380541817439072638281909936969660562978288527925307157929653359
232 8387124397708740964001158695010482489697781449927953971252565548195556525639369405400722729134928279808372797268758108813333297952298406409953359414394569834457156393414008086584285
233 50649868347508070241760367841521703432869681708787352709610147473638621432204945057133400110883408869373574803646605868847066935209616050138748825181967532316251387512420554184823671
234 305874700549420498119586706756377755398770144187199938893054943589580395345759492494128193442106394355116856264888009417049025366244666389534529066197253545384047006809858744410005845
235 1847178195889638451337257355360692547450951927468250027117821819434842736147382658889156217562122480015922312152183309548907643536328766340184802737198818747545500611425182368073642239
236 11155114434901778387928881559040581217879432656335473698217129025021467330072244593146907587515329021442321701178622145327254175285281664458507019982775639134762030066016065762067936077
237 67365768139019660168401043958417642848014407827095585418655334501681697632055013023038580555112075642370220761420148930749012366537434816783705859965847020862560276046646484334185333511
238 406822067442118094891908416089490712636880831762713518294882461964392748142405206173625458927627283007543457418772208923228404972333743090309992475218760845275887532063125902064959693765
239 2456799634739350604838480037147208542368924720224352363933825473340366462767589449777723546238016185292725088047036212414643563554590204348323201030729274750076648272499623620399807082383
240 14836620056541496194804858659073894678613128670341206552597897008289917517131325978734156470542434434092799106081983853994162253675139154685652759884993582542289576888130144016711626888381
241 89598391171009416162926526476666260719028541170695914873985027462875662110553692237159287905765051418541392378765137874014276053850655921110804881286060428552600887796459212166927091027095
242 541084941842513046575620457513514409165215224660141726214034616839525597932152089731800491220115415262029604869428828100194821975895740319647981269377377097039856792672300893820907879594037
243 3267613519197270470426382944105009492176993272340359521566442472450416206961525538161656781621421433891223440400346476284030257806456112799420773844551978985725795454865859404939766759923743
244 19733127435559795701226046151138906241558699496359024779004158538903621576983512323153577532051009466233958026061857289071156276457404534962476815755649839096447019355543521765799312988770349
245 119168413308469455531011798560962918149988848925478789584471981207135959604895319958368070069286445956530716705800126474688805382984676521301414677634278584055276735627467249819673529268707367
246 719658390533033030655601937777853088971028266777986548134013096626851684155742942715545565345509747606945297556063059980111931486581463386126600032299584817522710395178239460796060489293541029
247 4346019089169051394832499632794211187153068486645746500146045044726886573823245338398402848218451474778419060403203593475148717543444310959928866585026148256824576874324310184456132425704157871
248 26245621772619100270695109317126074422238038699540304174045140775407288632456690185315756709125490262061888245283316384205713684367431083803562720071825238837084446668308761301578728500217361821
249 158497385330877813593539771440632215296814394628168132459828744699395341899837398646834398023421830207814733489287876538843895399421155236383329953365006574411216256088366542413475992079996693943
250 957166165631969608474634716956857928000370789433452499170579701165387605546227878381211562289805453690406423332116600757837120657053617177158691582029573883514918384319663356605204548001848170261
