%% window lower: P_17 at spacing 2^-11
(1.099998,0.9337475) (1.100487,0.9341566) (1.100975,0.9340251) (1.101463,0.9336773)
(1.101952,0.9332846) (1.102440,0.9331751) (1.102928,0.9334776) (1.103416,0.9338282)
(1.103905,0.9339770) (1.104393,0.9351113) (1.104881,0.9355436) (1.105370,0.9354617)
(1.105858,0.9351683) (1.106346,0.9354367) (1.106834,0.9357246) (1.107323,0.9357865)
(1.107811,0.9355241) (1.108299,0.9353521) (1.108788,0.9349841) (1.109276,0.9345783)
(1.109764,0.9341682) (1.110252,0.9337907) (1.110741,0.9335098) (1.111229,0.9332710)
(1.111717,0.9330283) (1.112206,0.9331395) (1.112694,0.9330624) (1.113182,0.9327950)
(1.113670,0.9324470) (1.114159,0.9324183) (1.114647,0.9324596) (1.115135,0.9323895)
(1.115623,0.9321180) (1.116112,0.9319736) (1.116600,0.9316400) (1.117088,0.9312481)
(1.117577,0.9308448) (1.118065,0.9304827) (1.118553,0.9301595) (1.119041,0.9298291)
(1.119530,0.9294640) (1.120018,0.9291505) (1.120506,0.9287823) (1.120995,0.9283894)
(1.121483,0.9279877) (1.121971,0.9275945) (1.122459,0.9271975) (1.122948,0.9267973)
(1.123436,0.9263949) (1.123924,0.9259927) (1.124413,0.9255906) (1.124901,0.9251889)
(1.125389,0.9247875) (1.125877,0.9243864) (1.126366,0.9239858) (1.126854,0.9235860)
(1.127342,0.9231874) (1.127831,0.9227955) (1.128319,0.9224057) (1.128807,0.9220125)
(1.129295,0.9216188) (1.129784,0.9212633) (1.130272,0.9209442) (1.130760,0.9206247)
(1.131248,0.9202789) (1.131737,0.9200110) (1.132225,0.9196672) (1.132713,0.9192845)
(1.133202,0.9188938) (1.133690,0.9185863) (1.134178,0.9184309) (1.134666,0.9183170)
(1.135155,0.9181660) (1.135643,0.9185076) (1.136131,0.9185713) (1.136620,0.9183710)
(1.137108,0.9180595) (1.137596,0.9181781) (1.138084,0.9183784) (1.138573,0.9184192)
(1.139061,0.9181841) (1.139549,0.9180645) (1.140038,0.9177274) (1.140526,0.9173423)
(1.141014,0.9169515) (1.141502,0.9166180) (1.141991,0.9164810) (1.142479,0.9164533)
(1.142967,0.9164699) (1.143456,0.9174579) (1.143944,0.9180588) (1.144432,0.9181237)
(1.144920,0.9179639) (1.145409,0.9191470) (1.145897,0.9208759) (1.146385,0.9222228)
(1.146873,0.9226601) (1.147362,0.9240262) (1.147850,0.9242044) (1.148338,0.9239411)
(1.148827,0.9235865) (1.149315,0.9237242) (1.149803,0.9245141) (1.150291,0.9253366)
(1.150780,0.9257738) (1.151268,0.9275645) (1.151756,0.9282794) (1.152245,0.9282992)
(1.152733,0.9280373) (1.153221,0.9283364) (1.153709,0.9285656) (1.154198,0.9285514)
(1.154686,0.9282505) (1.155174,0.9279784) (1.155663,0.9276003) (1.156151,0.9272097)
(1.156639,0.9268185) (1.157127,0.9264388) (1.157616,0.9261305) (1.158104,0.9258878)
(1.158592,0.9257205) (1.159081,0.9261889) (1.159569,0.9265223) (1.160057,0.9264939)
(1.160545,0.9263184) (1.161034,0.9274894) (1.161522,0.9294044) (1.162010,0.9310137)
(1.162498,0.9316751) (1.162987,0.9336317) (1.163475,0.9340610) (1.163963,0.9338637)
(1.164452,0.9335356) (1.164940,0.9340734) (1.165428,0.9359128) (1.165916,0.9379333)
(1.166405,0.9393593) (1.166893,0.9440472) (1.167381,0.9464890) (1.167870,0.9472202)
(1.168358,0.9472437) (1.168846,0.9492722) (1.169334,0.9514288) (1.169823,0.9527883)
(1.170311,0.9529632) (1.170799,0.9534978) (1.171288,0.9532752) (1.171776,0.9529012)
(1.172264,0.9525090) (1.172752,0.9522562) (1.173241,0.9524347) (1.173729,0.9528147)
(1.174217,0.9532057) (1.174706,0.9553197) (1.175194,0.9565824) (1.175682,0.9569099)
(1.176170,0.9568409) (1.176659,0.9585455) (1.177147,0.9607436) (1.177635,0.9623549)
(1.178123,0.9628160) (1.178612,0.9641314) (1.179100,0.9642394) (1.179588,0.9639491)
(1.180077,0.9635780) (1.180565,0.9635383) (1.181053,0.9638602) (1.181541,0.9641495)
(1.182030,0.9641580) (1.182518,0.9647422) (1.183006,0.9647790) (1.183495,0.9645293)
(1.183983,0.9641695) (1.184471,0.9639489) (1.184959,0.9636812) (1.185448,0.9633519)
(1.185936,0.9629668) (1.186424,0.9625822) (1.186913,0.9621870) (1.187401,0.9617914)
(1.187889,0.9613961) (1.188377,0.9610016) (1.188866,0.9606138) (1.189354,0.9602350)
(1.189842,0.9598731)

%% window upper: P_17 at spacing 2^-11
(1.379997,1.0757239) (1.380486,1.0755276) (1.380974,1.0752209) (1.381462,1.0749992)
(1.381950,1.0747767) (1.382439,1.0744839) (1.382927,1.0741106) (1.383415,1.0737672)
(1.383904,1.0735392) (1.384392,1.0737086) (1.384880,1.0735874) (1.385368,1.0739449)
(1.385857,1.0744518) (1.386345,1.0748496) (1.386833,1.0745818) (1.387321,1.0745276)
(1.387810,1.0748263) (1.388298,1.0755455) (1.388786,1.0754859) (1.389275,1.0754839)
(1.389763,1.0753621) (1.390251,1.0750527) (1.390739,1.0746772) (1.391228,1.0743146)
(1.391716,1.0740349) (1.392204,1.0741931) (1.392693,1.0741185) (1.393181,1.0748447)
(1.393669,1.0759401) (1.394157,1.0770461) (1.394646,1.0769003) (1.395134,1.0773322)
(1.395622,1.0787954) (1.396111,1.0819008) (1.396599,1.0826675) (1.397087,1.0840869)
(1.397575,1.0852296) (1.398064,1.0855208) (1.398552,1.0851820) (1.399040,1.0849764)
(1.399529,1.0852463) (1.400017,1.0867992) (1.400505,1.0872135) (1.400993,1.0886151)
(1.401482,1.0901148) (1.401970,1.0910816) (1.402458,1.0908676) (1.402946,1.0908484)
(1.403435,1.0911184) (1.403923,1.0915517) (1.404411,1.0913650) (1.404900,1.0911356)
(1.405388,1.0908326) (1.405876,1.0904648) (1.406364,1.0900863) (1.406853,1.0897095)
(1.407341,1.0893474) (1.407829,1.0891082) (1.408318,1.0888271) (1.408806,1.0889176)
(1.409294,1.0892429) (1.409782,1.0896875) (1.410271,1.0894504) (1.410759,1.0896431)
(1.411247,1.0906437) (1.411736,1.0931206) (1.412224,1.0937367) (1.412712,1.0950760)
(1.413200,1.0962251) (1.413689,1.0965691) (1.414177,1.0962361) (1.414665,1.0960758)
(1.415154,1.0965509) (1.415642,1.0989096) (1.416130,1.0997153) (1.416618,1.1022772)
(1.417107,1.1051866) (1.417595,1.1073975) (1.418083,1.1073596) (1.418571,1.1078564)
(1.419060,1.1092006) (1.419548,1.1113609) (1.420036,1.1116700) (1.420525,1.1120189)
(1.421013,1.1121058) (1.421501,1.1118385) (1.421989,1.1114598) (1.422478,1.1110985)
(1.422966,1.1108451) (1.423454,1.1111115) (1.423943,1.1110762) (1.424431,1.1118325)
(1.424919,1.1128879) (1.425407,1.1138369) (1.425896,1.1136510) (1.426384,1.1138785)
(1.426872,1.1148099) (1.427361,1.1167035) (1.427849,1.1170251) (1.428337,1.1176330)
(1.428825,1.1180390) (1.429314,1.1179736) (1.429802,1.1176095) (1.430290,1.1172938)
(1.430779,1.1171444) (1.431267,1.1173830) (1.431755,1.1172374) (1.432243,1.1173125)
(1.432732,1.1173736) (1.433220,1.1172691) (1.433708,1.1169192) (1.434196,1.1165922)
(1.434685,1.1162976) (1.435173,1.1160043) (1.435661,1.1156420) (1.436150,1.1152720)
(1.436638,1.1148966) (1.437126,1.1145181) (1.437614,1.1141396) (1.438103,1.1137613)
(1.438591,1.1133838) (1.439079,1.1130125) (1.439568,1.1126407) (1.440056,1.1123007)
(1.440544,1.1119872) (1.441032,1.1116977) (1.441521,1.1113375) (1.442009,1.1110395)
(1.442497,1.1108653) (1.442986,1.1109484) (1.443474,1.1107420) (1.443962,1.1106874)
(1.444450,1.1106109) (1.444939,1.1103862) (1.445427,1.1100210) (1.445915,1.1096976)
(1.446404,1.1095305) (1.446892,1.1098546) (1.447380,1.1097922) (1.447868,1.1102355)
(1.448357,1.1108014) (1.448845,1.1111982) (1.449333,1.1109288) (1.449821,1.1108370)
(1.450310,1.1110306) (1.450798,1.1115228) (1.451286,1.1113901) (1.451775,1.1112820)
(1.452263,1.1110827) (1.452751,1.1107532) (1.453239,1.1103812) (1.453728,1.1100166)
(1.454216,1.1096976) (1.454704,1.1096058) (1.455193,1.1093866) (1.455681,1.1095387)
(1.456169,1.1098433) (1.456657,1.1101193) (1.457146,1.1098449) (1.457634,1.1097917)
(1.458122,1.1101228) (1.458611,1.1110163) (1.459099,1.1110464) (1.459587,1.1112689)
(1.460075,1.1113840) (1.460564,1.1112168) (1.461052,1.1108573) (1.461540,1.1105336)
(1.462029,1.1103353) (1.462517,1.1104542) (1.463005,1.1102780) (1.463493,1.1103185)
(1.463982,1.1103677) (1.464470,1.1102837) (1.464958,1.1099477) (1.465446,1.1096470)
(1.465935,1.1093982) (1.466423,1.1091724) (1.466911,1.1088361) (1.467400,1.1084912)
(1.467888,1.1081343) (1.468376,1.1077674) (1.468864,1.1073992) (1.469353,1.1070314)
(1.469841,1.1066657) (1.470329,1.1063148) (1.470818,1.1059587) (1.471306,1.1056423)
(1.471794,1.1053489) (1.472282,1.1050635) (1.472771,1.1047104) (1.473259,1.1043943)
(1.473747,1.1041449) (1.474236,1.1040066) (1.474724,1.1037171) (1.475212,1.1034736)
(1.475700,1.1032125) (1.476189,1.1028938) (1.476677,1.1025319) (1.477165,1.1021796)
(1.477654,1.1018609) (1.478142,1.1016336) (1.478630,1.1013262) (1.479118,1.1010910)
(1.479607,1.1008645)

%% exact features
%% P_17(8/7) = 0.9162696223
%% P_17(10/7) = 1.1181382158
