# k  r_k (candidate sequence; no OEIS identifier assigned)
0 1
1 4
2 10
3 20
4 35
5 56
6 83
7 118
8 162
9 215
10 279
11 353
12 439
13 539
14 654
15 784
16 926
17 1086
18 1264
19 1462
20 1681
21 1916
22 2174
23 2453
24 2756
25 3085
26 3434
27 3810
28 4215
29 4650
30 5109
31 5592
32 6108
33 6657
34 7241
35 7861
36 8511
37 9191
38 9910
39 10665
40 11461
41 12289
42 13159
43 14073
44 15023
45 16018
46 17049
47 18128
48 19247
49 20416
50 21636
51 22892
52 24201
53 25564
54 26981
55 28454
56 29971
57 31536
58 33149
59 34817
60 36545
61 38323
62 40164
63 42068
64 44037
65 46060
66 48131
67 50270
68 52478
69 54755
70 57092
71 59485
72 61941
73 64471
74 67076
75 69745
76 72474
77 75281
78 78166
79 81117
80 84149
81 87241
82 90416
83 93669
84 96994
85 100405
86 103876
87 107434
88 111081
89 114818
90 118645
91 122544
92 126523
93 130574
94 134720
95 138962
96 143276
97 147688
98 152199
99 156809
100 161503
101 166277
102 171139
103 176091
104 181148
105 186310
106 191556
107 196892
108 202336
109 207876
110 213527
111 219258
112 225102
113 231060
114 237108
115 243272
116 249528
117 255901
118 262393
119 269005
120 275725
121 282529
122 289441
123 296476
124 303636
125 310906
126 318272
127 325766
128 333368
129 341082
130 348927
131 356876
132 364957
133 373172
134 381522
135 389980
136 398538
137 407234
138 416050
139 425006
140 434103
141 443308
142 452633
143 462094
144 471699
145 481450
146 491317
147 501304
148 511423
149 521668
150 532063
151 542578
152 553246
153 564067
154 575043
155 586175
156 597403
157 608789
158 620315
159 632000
160 643829
161 655778
162 667889
163 680138
164 692552
165 705110
166 717800
167 730658
168 743684
169 756860
170 770183
171 783638
172 797266
173 811068
174 825014
175 839136
176 853398
177 867804
178 882389
179 897145
180 912066
181 927131
182 942379
183 957787
184 973351
185 989101
186 1005001
187 1021069
188 1037326
189 1053772
190 1070409
191 1087166
192 1104091
193 1121210
194 1138505
195 1155995
196 1173641
197 1191485
198 1209491
199 1227697
200 1246083
201 1264613
202 1283323
203 1302237
204 1321355
205 1340647
206 1360103
207 1379766
208 1399638
209 1419720
210 1439986
211 1460412
212 1481018
213 1501804
214 1522805
215 1544022
216 1565407
217 1586990
218 1608792
219 1630762
220 1652953
221 1675320
222 1697909
223 1720722
224 1743735
225 1766973
226 1790355
227 1813965
228 1837767
229 1861799
230 1886062
231 1910505
232 1935181
233 1960055
234 1985163
235 2010481
236 2035979
237 2061685
238 2087630
239 2113791
240 2140150
241 2166701
242 2193495
243 2220532
244 2247814
245 2275320
246 2302986
247 2330862
248 2358987
249 2387361
250 2415986
251 2444811
252 2473870
253 2503183
254 2532712
255 2562457
256 2592406
257 2622585
258 2653022
259 2683719
260 2714677
261 2745815
262 2777193
263 2808824
264 2840687
265 2872790
266 2905105
267 2937687
268 2970479
269 3003541
270 3036873
271 3070421
272 3104242
273 3138303
274 3172616
275 3207163
276 3241926
277 3276967
278 3312260
279 3347793
280 3383607
281 3419645
282 3455899
283 3492437
284 3529260
285 3566368
286 3603696
287 3641312
288 3679216
289 3717366
290 3755776
291 3794378
292 3833273
293 3872438
294 3911897
295 3951652
296 3991599
297 4031843
298 4072386
299 4113229
300 4154336
301 4195663
302 4237293
303 4279175
304 4321333
305 4363797
306 4406501
307 4449513
308 4492834
309 4536419
310 4580268
311 4624367
312 4668736
313 4713393
314 4758365
315 4803652
316 4849191
317 4894982
318 4941053
319 4987444
320 5034156
321 5081120
322 5128407
323 5175984
324 5223831
325 5272004
326 5320437
327 5369158
328 5418208
329 5467588
330 5517256
331 5567140
332 5617332
333 5667857
334 5718682
335 5769843
336 5821244
337 5872983
338 5925010
339 5977376
340 6030083
341 6083062
342 6136383
343 6190016
344 6243994
345 6298212
346 6352706
347 6407520
348 6462682
349 6518194
350 6574030
351 6630142
352 6686554
353 6743320
354 6800398
355 6857806
356 6915454
357 6973459
358 7031823
359 7090493
360 7149523
361 7208833
362 7268506
363 7328503
364 7388836
365 7449535
366 7510486
367 7571767
368 7633417
369 7695391
370 7757736
371 7820377
372 7883346
373 7946633
374 8010295
375 8074332
376 8138669
377 8203384
378 8268429
379 8333854
380 8399603
381 8465608
382 8531961
383 8598698
384 8665819
385 8733326
386 8801133
387 8869264
388 8937755
389 9006596
390 9075773
391 9145262
392 9215144
393 9285419
394 9356030
395 9427001
396 9498284
397 9569965
398 9642014
399 9714415
400 9787176
401 9860201
402 9933628
403 10007459
404 10081695
405 10156336
406 10231301
407 10306644
408 10382275
409 10458316
410 10534768
411 10611520
412 10688685
413 10766264
414 10844257
415 10922586
416 11001247
417 11080268
418 11159708
419 11239554
420 11319820
421 11400398
422 11481306
423 11562637
424 11644364
425 11726517
426 11808958
427 11891827
428 11975125
429 12058783
430 12142872
431 12227305
432 12312146
433 12397377
434 12483004
435 12569015
436 12655326
437 12742075
438 12829262
439 12916889
440 13004957
441 13093373
442 13182232
443 13271469
444 13361066
445 13451077
446 13541444
447 13632207
448 13723390
449 13814989
450 13906966
451 13999303
452 14092093
453 14185283
454 14278928
455 14372983
456 14467398
457 14562203
458 14657467
459 14753190
460 14849333
461 14945836
462 15042747
463 15140122
464 15237875
465 15336093
466 15434631
467 15533637
468 15633111
469 15733055
470 15833439
471 15934111
472 16035256
473 16136833
474 16238884
475 16341411
476 16444318
477 16547645
478 16651380
479 16755580
480 16860204
481 16965212
482 17070703
483 17176626
484 17283034
485 17389856
486 17497038
487 17604708
488 17712818
489 17821360
490 17930393
491 18039818
492 18149657
493 18259958
494 18370754
495 18482045
496 18593732
497 18705917
498 18818534
499 18931511
500 19044952
501 19158789
502 19273094
503 19387903
504 19503216
505 19619035
506 19735190
507 19851793
508 19968905
509 20086527
510 20204599
511 20323071
512 20442011
513 20561392
514 20681288
515 20801700
516 20922464
517 21043708
518 21165471
519 21287753
520 21410479
521 21533565
522 21657173
523 21781305
524 21905962
525 22031051
526 22156560
527 22282519
528 22409006
529 22536023
530 22663571
531 22791539
532 22919987
533 23048969
534 23178335
535 23308205
536 23438495
537 23569322
538 23700641
539 23832466
540 23964804
541 24097502
542 24230743
543 24364424
544 24498650
545 24633422
546 24768626
547 24904378
548 25040598
549 25177367
550 25314687
551 25452391
552 25590575
553 25729313
554 25868551
555 26008257
556 26148407
557 26289115
558 26430381
559 26572169
560 26714518
561 26857267
562 27000478
563 27144253
564 27288532
565 27433321
566 27578562
567 27724370
568 27870706
569 28017528
570 28164854
571 28312636
572 28460958
573 28609853
574 28759323
575 28909369
576 29059775
577 29210709
578 29362183
579 29514161
580 29666720
581 29819743
582 29973348
583 30127451
584 30282139
585 30437355
586 30593031
587 30749237
588 30905963
589 31063279
590 31221063
591 31379315
592 31538160
593 31697565
594 31857564
595 32018159
596 32179230
597 32340733
598 32502776
599 32665419
600 32828662
601 32992385
602 33156668
603 33321491
604 33486830
605 33652775
606 33819152
607 33986137
608 34153694
609 34321791
610 34490499
611 34659627
612 34829367
613 34999721
614 35170690
615 35342203
616 35514148
617 35686711
618 35859796
619 36033457
620 36207678
621 36382391
622 36557692
623 36733617
624 36910094
625 37087105
626 37264616
627 37442754
628 37621521
629 37800864
630 37980837
631 38161250
632 38342203
633 38523708
634 38705813
635 38888512
636 39071691
637 39255508
638 39439964
639 39624960
640 39810597
641 39996746
642 40183375
643 40370648
644 40558566
645 40747129
646 40936124
647 41125767
648 41316058
649 41506999
650 41698591
651 41890631
652 42083324
653 42276497
654 42470264
655 42664631
656 42859522
657 43055070
658 43251277
659 43448144
660 43645515
661 43843406
662 44041960
663 44241177
664 44440999
665 44641451
666 44842431
667 45043981
668 45246143
669 45448897
670 45652275
671 45856189
672 46060775
673 46265991
674 46471783
675 46678175
676 46885107
677 47092677
678 47300847
679 47509697
680 47719191
681 47929117
682 48139726
683 48351001
684 48562960
685 48775605
686 48988750
687 49202471
688 49416780
689 49631779
690 49847468
691 50063709
692 50280598
693 50498180
694 50716398
695 50935210
696 51154502
697 51374424
698 51595045
699 51816365
700 52038345
701 52260885
702 52484019
703 52707857
704 52932351
705 53157469
706 53383151
707 53609481
708 53836441
709 54063989
710 54292248
711 54521047
712 54750559
713 54980785
714 55211635
715 55443201
716 55675247
717 55908010
718 56141492
719 56375624
720 56610404
721 56845728
722 57081775
723 57318350
724 57555650
725 57793676
726 58032278
727 58271570
728 58511591
729 58752341
730 58993631
731 59235505
732 59478027
733 59721221
734 59965150
735 60209814
736 60455058
737 60700932
738 60947478
739 61194764
740 61442791
741 61691298
742 61940548
743 62190542
744 62441166
745 62692536
746 62944434
747 63197079
748 63450473
749 63704569
750 63959329
751 64214593
752 64470537
753 64727234
754 64984686
755 65242842
756 65501598
757 65761074
758 66021180
759 66281910
760 66543401
761 66805492
762 67068345
763 67331888
764 67596196
765 67861152
766 68126720
767 68393016
768 68659960
769 68927630
770 69196071
771 69465124
772 69734753
773 70005156
774 70276249
775 70548118
776 70820607
777 71093784
778 71367740
779 71642362
780 71917764
781 72193790
782 72470599
783 72748191
784 73026568
785 73305605
786 73585122
787 73865377
788 74146421
789 74428185
790 74710740
791 74993927
792 75277873
793 75562497
794 75847877
795 76133953
796 76420589
797 76708023
798 76996177
799 77285131
800 77574769
801 77865043
802 78156120
803 78448001
804 78740594
805 79033993
806 79327968
807 79622573
808 79917987
809 80214211
810 80511245
811 80808879
812 81107326
813 81406493
814 81706356
815 82006989
816 82308270
817 82610369
818 82913208
819 83216866
820 83521304
821 83826294
822 84132004
823 84438482
824 84745716
825 85053706
826 85362356
827 85671834
828 85982014
829 86292944
830 86604705
831 86917042
832 87230212
833 87544216
834 87859054
835 88174606
836 88490818
837 88807786
838 89125546
839 89444126
840 89763346
841 90083238
842 90403850
843 90725305
844 91047552
845 91370645
846 91694410
847 92019023
848 92344485
849 92670595
850 92997485
851 93324975
852 93653317
853 93982513
854 94312521
855 94643384
856 94974835
857 95307086
858 95640097
859 95973968
860 96308700
861 96644092
862 96980264
863 97317084
864 97654768
865 97993318
866 98332560
867 98672570
868 99013408
869 99355116
870 99697562
871 100040704
872 100384719
873 100729514
874 101075125
875 101421612
876 101768675
877 102116488
878 102465180
879 102814751
880 103165162
881 103516277
882 103868202
883 104220967
884 104574392
885 104928601
886 105283510
887 105639307
888 105995992
889 106353493
890 106711885
891 107070853
892 107430714
893 107791469
894 108153016
895 108515373
896 108878446
897 109242416
898 109607154
899 109972792
900 110339330
901 110706552
902 111074602
903 111443444
904 111813191
905 112183694
906 112554857
907 112926878
908 113299747
909 113673525
910 114048214
911 114423623
912 114799704
913 115176655
914 115554521
915 115933215
916 116312641
917 116692897
918 117074071
919 117456031
920 117838855
921 118222319
922 118606706
923 118991996
924 119378210
925 119765288
926 120152990
927 120541619
928 120931028
929 121321367
930 121712498
931 122104373
932 122497181
933 122890781
934 123285316
935 123680787
936 124077008
937 124474167
938 124872265
939 125271083
940 125670705
941 126070999
942 126472157
943 126874259
944 127277261
945 127681208
946 128085911
947 128491424
948 128897777
949 129305080
950 129713243
951 130122162
952 130532034
953 130942808
954 131354338
955 131766824
956 132180074
957 132594164
958 133009154
959 133425040
960 133841886
961 134259332
962 134677698
963 135097027
964 135517321
965 135938581
966 136360513
967 136783333
968 137206981
969 137631598
970 138057139
971 138483456
972 138910643
973 139338804
974 139767940
975 140197796
976 140628356
977 141059834
978 141492290
979 141925682
980 142359974
981 142795046
982 143230958
983 143667760
984 144105426
985 144544078
986 144983510
987 145423929
988 145865337
989 146307591
990 146750835
991 147194871
992 147639900
993 148085697
994 148532394
995 148980087
996 149428428
997 149877767
998 150328105
999 150779367
1000 151231630
