0 1
1 3
2 12
3 30
4 64
5 113
6 188
7 285
8 415
9 577
10 780
11 1017
12 1312
13 1648
14 2044
15 2489
16 3008
17 3583
18 4236
19 4953
20 5760
21 6638
22 7611
23 8664
24 9822
25 11069
26 12426
27 13880
28 15455
29 17131
30 18940
31 20855
32 22912
33 25083
34 27404
35 29844
36 32448
37 35178
38 38075
39 41109
40 44320
41 47672
42 51212
43 54900
44 58784
45 62824
46 67068
47 71473
48 76093
49 80887
50 85900
51 91090
52 96512
53 102118
54 107964
55 114000
56 120288
57 126772
58 133516
59 140464
60 147680
61 155107
62 162812
63 170733
64 178944
65 187379
66 196108
67 205070
68 214336
69 223842
70 233660
71 243724
72 254112
73 264753
74 275722
75 286956
76 298528
77 310368
78 322556
79 335019
80 347838
81 360943
82 374411
83 388170
84 402304
85 416734
86 431548
87 446664
88 462176
89 477996
90 494220
91 510760
92 527712
93 544988
94 562684
95 580711
96 599168
97 617963
98 637196
99 656772
100 676800
