0 1
1 1
2 2
3 4
4 8
5 15
6 28
7 51
8 92
9 164
10 289
11 504
12 871
13 1493
14 2539
15 4290
16 7201
17 12017
18 19939
19 32911
20 54044
21 88330
22 143709
23 232817
24 375640
25 603755
26 966816
27 1542776
28 2453536
29 3889338
30 6146126
31 9683279
32 15211881
33 23830271
34 37230720
35 58015116
36 90174847
37 139820368
38 216286593
39 333806538
40 514038608
41 789878686
42 1211197739
43 1853466037
44 2830692163
45 4314808301
46 6564664868
47 9969336528
48 15112704121
49 22869630630
50 34548980836
51 52106010786
52 78457341960
53 117947452074
54 177038663806
55 265330407277
56 397062997492
57 593333511002
58 885357017854
59 1319260617480
60 1963122490704
61 2917295444040
62 4329530493874
63 6417107800907
64 9499186557738
65 14044041869475
66 20737966981381
67 30585673788195
68 45056442131509
69 66296650811238
70 97438536589694
71 143048314840559
72 209775942252289
73 307296366973672
74 449671763127841
75 657321234696831
76 959866311625468
77 1400237985694571
78 2040599385582902
79 2970879360644489
80 4321057457860001
81 6278834533639976
82 9115028918209752
83 13220045828158709
84 19156205857930432
85 27732769122955181
86 40113413794523541
87 57970088632933123
88 83703079543472436
89 120755548263724944
90 174062762386587338
91 250693219463490328
92 360762966378440274
93 518738586072561265
94 745292744683075875
95 1069944760551989603
96 1534815692077574852
97 2199964673837682781
98 3150967187424653513
99 4509669908633124412
100 6449443479673311304
101 9216800081584769807
102 13162011783753881975
103 18782449296361567557
104 26783886676110614462
105 38167164969345963380
106 54350628085887273086
107 77342989712956089404
108 109987254379419134580
109 156304689936014784100
110 221979599785133601410
111 315042123711672577797
112 446829396800691435808
113 633337758180904142468
114 897124013793304030182
115 1269977168116891636734
116 1796670730118827025215
117 2540229681183423516114
118 3589319420339292909945
119 5068605909040105354927
120 7153273879648009825280
121 10089360995739885896733
122 14222222617850035065740
123 20036357121404220030245
124 28211096667706260887236
125 39698443397795868445793
126 55831801173282287170531
127 78477788749042091874373
128 110248096803870271009717
129 154794988650225221982208
130 217223263300928020604453
131 304664297904246106993082
132 427075545964295363574714
133 598353499992551571298288
134 837882276465938602591311
135 1172687302807181119840683
136 1640429132289034287674865
137 2293563161349445741018195
138 3205116609584736929088508
139 4476707843055295456805659
140 6249673321072435353906500
141 8720499422255932562837011
142 12162215027003755996663508
143 16954034045656655803143943
144 23622411256313849832025617
145 32897880953884496600920242
146 45793711382493373624228389
147 63714701188647818403856807
148 88607604341128078699966052
149 123169023084748978034283028
150 171132602410752473998281301
151 237665609387277221664572648
152 329916331062415100030135237
153 457769334618710904735924631
154 634887093164930682971386099
155 880145970678475666184500667
156 1219615069565622926567918029
157 1689282070617000692687183060
158 2338806549405461967435001093
159 3236686019596633777969166191
160 4477363650658686889367545388
161 6191003627925656815963495502
162 8556930154205099686224235581
163 11822096053863305570595737277
164 16326453628595462176608718850
165 22537794106875723633613577429
166 31099571402001304725175194435
167 42896524719331669058142679606
168 59144690828678272169634279683
169 81514825194801980561451451489
170 112301569869166596749860201627
171 154655239935562253642861301232
172 212899292172938783966575590288
173 292964992837781777320369228281
174 402986338011082766122143329476
175 554114019073682471497018865982
176 761628691238562768408813413571
177 1046463068180039590285908287427
178 1437282251483472090121518956763
179 1973326046155712735308929462012
180 2708291028341436962449770502930
181 3715630907185339728341267055445
182 5095790890447360587625026951360
183 6986078404284721889088115881817
184 9574126393604157701324512188557
185 13116250650756073248556379020429
186 17962471904131336978304702719213
187 24590611127117807742812127887708
188 33652732891302649769652230134237
189 46038388186604812520903636825989
190 62960705560726563855350672482070
191 86073547538565117626915635089850
192 117630891039229004056147409254884
193 160703580757555113258550746920648
194 219474015276111642022789215749914
195 299636660531464216805426446194960
196 408942225378731621649453166553980
197 557936800722611560732283583320622
198 760965502783061445322056270429875
199 1037534856498761112877158617597676
200 1414161582464075207300895196873166
201 1926880684439446873626227023614486
202 2624646926469108880843555762877543
203 3573946545170479291179773273978929
204 4865047931213129908728028829756161
205 6620471246205667919470744306577721
206 9006461293704127539556470336961392
207 12248524016363665819101663878091910
208 16652459798171873084465311733198653
209 22632830081621950486356729844375593
210 30751473173711922078616654018685646
211 41769601823476497329853472509120212
212 56718251786752219339311673330987633
213 76993518345725514424983162527959220
214 104485266307460245782449971482807390
215 141751029815167761134793959789608695
216 192250902407108702597241960213268423
217 260664719724591654899611900808184061
218 353320247362997363136288826566742144
219 478771063684677841932087808612874676
220 648576257845061864892873879271865679
221 878352137182389645151914420471537383
222 1189190454576188868114428740856455164
223 1609570373007770493357410395195438108
224 2177935364935333379470697869978258748
225 2946165368994326400078072781552806008
226 3984253990571634397948019002816191440
227 5386607305494267423150687256028138846
228 7280524255954144197934681398147873613
229 9837611251393789089916593008226859228
230 13289142211968638282412997932428344925
231 17946722446558452890064656850824464204
232 24230080629639379708290265243106739911
233 32704438175490300220325225521202850017
234 44130743674142839911436124639512863279
235 59533184288329233025450305778300873942
236 80289893223275644125366737589653520796
237 108254792544790206510975387437033940425
238 145921217654540887190373989992598619983
239 196641596302927149667577579016778295288
240 264922312319653049822940358302145534231
241 356819388384977955856723613211303290842
242 480469329439175202544343151381268037105
243 646801122243514040771562869026933023916
244 870490980675161396907434536099818923632
245 1171242287834021354375933470466604222744
246 1575501087716115852753769506236224629082
247 2118754788283923229962438886233937903593
248 2848611614551086510004564926296949236831
249 3828925012965997467743695646113440102506
250 5145316285790196447629974468340175425378
251 6912567735992458022362072982925511870941
252 9284517546113599098080536671949494134262
253 12467299856317188637676660954406064200270
254 16737056856629673066613357413518020105873
255 22463627905145309594082598567336960617575
256 30142225363908088444853309789568693204273
257 40435780158706747763789657787715363173992
258 54231538167713235453781923588940117165912
259 72716686207088449262319770221180275293148
260 97479383180891105763448045726709925318261
261 130643700451057556640848038968027486351448
262 175049812082987786933041654989044206176116
263 234494555093286602906087914685308704771259
264 314052514491017324903145779864442997176428
265 420504493186462209820324151326638870822636
266 562909155186985929378793194405463080540546
267 753365516415817674905569073836141971512036
268 1008029777344326894608441441196414737980377
269 1348471043022338600552019443363393834130753
270 1803478483191377598959540969366528251562625
271 2411469738464512511144373292437096712983481
272 3223699920267212651670774613038522967437152
273 4308536422180211364128524398978035401725270
274 5757152321996457184328834952283685262268308
275 7691107526623766295230663058464556900101513
276 10272441444266936656586298004369212905468072
277 13717106396682439038736126944490247755294785
278 18312843839629965308103604797141754211177192
279 24442967800008555608277520176364466382152161
280 32618001014027400865017313987859940047194660
281 43517747842577857942956906055226993244559597
282 58047235553051949160183777913643144356677925
283 77411080118047137922964317918633114137975413
284 103212324560890784411386375665014239969481079
285 137583776663345326638874241090896995410767594
286 183362496938328572276860244856543790681403100
287 244321566918405111992224432765733516724392473
288 325477879741729592400314078508393064862379017
289 433500807368877693793968424451040283240420285
290 577254698108237027885227947996475350250905532
291 768518888324134296032039311759485533006208155
292 1022943125082747077222808320011497235911535064
293 1361315118825932024783420605065291407267959641
294 1811241867120454788260946802620332507411418819
295 2409379382509799238912540683515876173255602957
296 3204389124409493212224476096347788067207615864
297 4260857219948257242387924836051887903827671451
298 5664489011858177836995709307721098727614338867
299 7528992605088317077468704300888689790865346839
300 10005198840084564371091694650045714863123793697
301 13293141989946800004180982875037087932117786416
302 17658059314123322800972471217035813292161849348
303 23451576693723140245134548783508177164362128880
304 31139756068478886296986764714886450331129382310
305 41340220161562205784198462337292828978160093242
306 54871283070427919288742910948766397906910098116
307 72816957205880781890881356524005780825499801980
308 96612950972397276276893329442338453843777311448
309 128160414038357423010508017507791459029632684851
310 169976355348544072259321172418825473117237774648
311 225392521026704747587516075497997125279083703401
312 298818296258730167123414816690946243831984593770
313 396088178750746634213061237631873398789146280397
314 524920945699628854421262368290352151883390783051
315 695526307697494494902593162128167148859831812901
316 921406278572765469305450977657410323450117698214
317 1220413568285723091634398594641595742259745798496
318 1616149183423980769939423929857014439500335212454
319 2139807619635971729481322657747663348571151573895
320 2832612557460855219129418275271146989895291939095
321 3749031466366940354346743197431031491943045120658
322 4961017454105173409519656929874393168914267601554
323 6563605638911555416588741656446467896251387789791
324 8682295281529380288623376138460515579763496829705
325 11482785798593723451321887481348234875492359619452
326 15183814985845421917822949969014601792766346629156
327 20074084979867578395986322728265137131987837563608
328 26534573653053721491978801944462379709678284733679
329 35067939891933080012128367288927248508337273019620
330 46337271600316642709767879756477482644849632455607
331 61217136091138209698216522229077541532014570500728
332 80860827380457311068304836252203310896872369536446
333 106788934176251501636112933784186106403604139451247
334 141005968527018805139546943656008792301955424972517
335 186153919579285509383352399449602433775563521902976
336 245714389103561395068901454393723519557567571097368
337 324274634652863284631016817269944871975453189158876
338 427877667083874202390659029011296809368175842435943
339 564482882145744792197199966099473813538269555817757
340 744572023868135283912772250708768013888145895751754
341 981946201007277164013752101102969244223581298750489
342 1294774020669164361294779860492919782927347834409538
343 1706969732745206983675898182863942180121155707449328
344 2250004994517652389792094015826448823008747513203261
345 2965290301622812620315523299871500815332769481386466
346 3907304694804912073544006258284149096372732797286894
347 5147708194086797800026740528110957948186035500879650
348 6780744664383758112327817961906120248011771044751337
349 8930338892189925772528541683186892924930282352905065
350 11759417643082454391170513151105753377995835852927968
351 15482149662979707588893440161218255459885869792903020
352 20380016147136325100214771049561167173761892300263975
353 26822907058956602078760154277253571841298576339347978
354 35296810691210435222775603252581584883605634498868351
355 46440151325949170397335450424619752875706343740947529
356 61091468499211235812630388588577308639916518898054694
357 80351967974686288738503874949172279954248338192013931
358 105667570263567459231781050698663360859184890857332844
359 138936517444530324389773294076012467590642410523253855
360 182650477847734172679945296221482823209445891726446117
361 240079547817537893308137903427748493427921641527672745
362 315514769344761305175418047750868939942534770524110484
363 414585996012606588158727999034299081244346252605440234
364 544678453537678024019790535558404908313536217812065093
365 715478555324065620464593162328979494495058260903810778
366 939688970801962998320495003780898599127581268865378504
367 1233965288203883234274906042920657226506589876766481363
368 1620142756612974508340219779943444804608678088300083162
369 2126842700870216859904035098371894184732548676253814650
370 2791575800586638484053989842598843015733117833834150134
371 3663495500507077105520516553954227368427505951190729306
372 4807001971584775535797490227929861797058164960743242941
373 6306458661994386712963112976868735455026350191461246795
374 8272363992422849211989841417893132568799101437595218949
375 10849425939202151031571811919332146040971573175617201290
376 14227124653840910688849136218392916675785999824174688590
377 18653527729043871915917501514926289531415070476963062733
378 24453357078353260181739971764264954328578321237507456372
379 32051612397391431761269722488505213305652854110634484665
380 42004455664210139179627532574131622961819989936975683096
381 55039582602867338938218546173549320757724138809954873029
382 72108987625269576419220326999293746696647229747224812413
383 94457916912588527216636466514102459151218049197007167059
384 123714963132909771157313699383596183288988975548691117180
385 162009767104662314474541084962761053695082353971179944716
386 212126763745772793467549903957104939709327798468946592638
387 277705981634456980659200952285677815049236348249783204485
388 363505259508603170449219850928458676916435464675638190358
389 475742616212945066265746358470691262303856553399975949835
390 622543211877299915368853281768384788858453596997022746295
391 814522769778832026498166605259458761278376177949327178329
392 1065549014268195127073014913872682121461709019188286295894
393 1393735302380113296847823387480120837378787102635779447760
394 1822737073207095705702070544972176765625407132175678003405
395 2383443165511409011415974116840956732088485785437690364126
396 3116181964503368412007837147108137604438462687935194355887
397 4073598690503828879574965470993669683042299211240676487393
398 5324407481968273823133060815111587866748934279685970698304
399 6958283566083418034178284613928772110497507065236839662598
400 9092241061288580166362518862733177832972700977173907875052
401 11878946422436342437854197225335763531467078686844107314746
402 15517553509503727101465192345832066082913643272118560483360
403 20267823211814962401705874523604471759028089343246178897723
404 26468520812520150290334325422086080665025235503439871604424
405 34561383848628473694664013241020796823287846970903535648126
406 45122342926922201120840682208490198695246750095184696842786
407 58902184848392002390048394282653817886699343955371448902556
408 76879506625978749941053021287588617389205228339582632704847
409 100329666223858301521982360126230229192429353697966185039538
410 130914550431689729308008715238434042109034378377735523826934
411 170799429278628022498186909913476736920648675361424280562979
412 222805049875930145189888584525723159668308730352396356958182
413 290605570523023870433662035621817397902843938510700516236288
414 378986117072939038676190876359716836550858549691910925003655
415 494177877011059131907813194498207066730328535355713498387511
416 644294016841533425777347112801491764131176827405058440564693
417 839896684305740898851001411564547482508215138164473609113462
418 1094734417685800401953781498597571110868347061678858439960559
419 1426701051528799419047230585357251460717982633440757448607441
420 1859082487985330135116684160449114602840097570143454505841140
421 2422177541728762439388812153929666207621451169313206430598599
422 3155404821057920991927571372119093251432084856657674475488780
423 4110041038165637517045512851319983933922329958760892156956130
424 5352779529854557214760849731634176460223055106865379403786708
425 6970354075311184552144650487004332902773628373316867792215091
426 9075546156276347231142046349546680080351865116256066267994669
427 11814988590156328674654754749406765502904319049129014440104890
428 15379301424117699429806207521569773013671120132546783408582123
429 20016255461661867686912170132131186503364193449020677967224225
430 26047865627461403222068630359609658605070669329216570880577152
431 33892584586796501080436216387034982829991530954357939813485289
432 44094114792847729917207869379850780790105049695946428170903012
433 57358807975064382798860176866919609369131702862607363199653328
434 74604205489474947903374384436333287083884146853128135932901551
435 97022030405994507316928056367688828935267151854761968209925457
436 126159923829116569065133236363526978193091856075425742768502233
437 164027489924263633344931270875498653471386723511334597229065763
438 213233862137146143863748965798055619260764060317497761727766138
439 277166138059809253274351774702941808955931936775744265682450484
440 360220795864584837440273662776877442893112995020559336050591448
441 468103786966035179804813754076723237923177588392373450207680611
442 608219637960637117238874213395387570832627120430846649661910255
443 790175900939620006336612015838552641033510615207041502625588433
444 1026437067306198266306869452943319426850741964699852340964209861
445 1333172126675925024455508576478574802172325791725309216543689233
446 1731352982387429795174907286333432769960203404016513466333157336
447 2248177799041906165999758311757280026050954203674656462216468215
448 2918915180850354787918879666139134028194157095541974583084401074
449 3789293317594799093027260077984029046551961885145599700372782369
450 4918594768914048189157158829481777418543723719406939425127814864
451 6383664819066132968399664867358828627232282373911769979059786049
452 8284102466109358754188048463426000876276898332684066478178514768
453 10748982173056959683065054178684976456802088854666092267477454476
454 13945556752065179966803195739955537684658965735029298961207195645
455 18090523956671223316223349683448738864015888969163490315184653815
456 23464610281061753269711126856482732187370749309951640136171217680
457 30431446424184790233572498832299641053219461338659815110198860546
458 39461994484147668872615679547628673269821399805294359301011958615
459 51166156077541916163093331862459676640401182769797125181075032387
460 66333667599087639702978851571819811179031632124008018855239418260
461 85987005214164980872307090106418285026374601258791284124987263157
462 111449818531135807937347280089021765104691257920270089336819727557
463 144435440666819915733710552936871931026756667147024612801163236445
464 187161351274776386932077991612889357251236121017349952808208708665
465 242497185393874139564712503125664276547789845462091685874948356701
466 314156097400674748827606012888034738817693949819311766784368157286
467 406942151335085107286197752810859146347930842648941188617959848425
468 527070104026605071045394047291598792209407972173815057379343264426
469 682578717794381846489234295428642902743387137632919481586713933237
470 883864897190091676912336277632123408080903474254957817936878947114
471 1144373891892881070141231430276627171812384091367827910308133041328
472 1481491064618432305397772252362661046040964392335614265774415895051
473 1917693958193024637597635349713779535159436159624170628401351999052
474 2482040472838624483186307302348741363052351696048203713639630445941
475 3212090995829920359345300026457902249881874105390431988641592030896
476 4156390745170718814200423425698268938304272596999535928474861461712
477 5377675245208015526319538812772711718603281645065531156043030564354
478 6957009127234464472596463001338317019929646184175052906556810420572
479 8999129411611077273833241256358846542093384953266918217642085567228
480 11639343034613447474059485440956038130212019581743019953035024151412
481 15052429728084930099693828252593758735475060515927415888603102723708
482 19464132006272754379408857491223176117521239485510843934317088013041
483 25165982415487582519051037805604767965986489392814859077136920574821
484 32534435245684918607384144177387676471458236429794619213118307621803
485 42055549608727330192629339425779480396531443276171993974211259827669
486 54356831208288296525711432508051482429504282569656051002406902689415
487 70248304503057343418305721580285233183742903746023628955848491416165
488 90775485218405992121581359250785112643657170832391250292303347708387
489 117287693805527206188479530998023605203482498788464550207033596479788
490 151526143050877302406510985638348950289835751765428149859578904815906
491 195737511395360001492868052483740035210914361703791649341045515962364
492 252820359720690846201309012185381298685524393849955107938387615208543
493 326513869020314115076681172036681178975119276732574166215369420123753
494 421641105378257657469789591739592092498869074794963443656095252745833
495 544422531832448488415923195213734321008238968821748608303389928242771
496 702880008839617215470678041685525866478973981104841214394032119686204
497 907357345361187818061491619329111836728892969195448810714303579373473
498 1171190952931075061046656620078955318797635010239404697673471644825172
499 1511573793631901172054609890501786491176875826765085031620357275008226
500 1950668214514284085428710391770308625593274692186945607784575078133161
501 2517039216056587807031489788199253027244462986556738711972451087876546
502 3247500226831475337737345684436413088931095306876487936764156149570728
503 4189489856592200327176785683541739840627053434540723017984984827398675
504 5404132053961814257791670632347112431310260581441724298129487462999097
505 6970175759736848151908133782141519272067323234305546907797388213073465
506 8989066294052329301790701499724337995778571552696077905122886787698676
507 11591472906233326963736753469645910378244644804002436434338976531497482
508 14945689724773292840304702973018443356666223000340493952971361682403169
509 19268446647996130811445998971003992650137524372352211836783166694957005
510 24838820061486007453308125634765739297447099313454084590576368949381452
511 32016130350096748158636545558019127387326521330802540349815596544500429
512 41262966438785575971638016346432245012522708456327331578031273701594606
513 53174803032092848113847094342094524176949207794884934992604945540598395
514 68518094349504984486938656372586918126794861749061560708282085082506049
515 88279265320013679471846768087876789777899176396477809256961105227245551
516 113727711224344003478468587451308314948234458951935329068616483484087433
517 146496803067278260831068310372350444615116403061443954229169556200345014
518 188688034237655523549992744448551531294724045186036515289923596180469339
519 243004905764727055964159984540935181539952020785226088219278244435163766
520 312925024445535746284688964117191691843904717399740436410963610108866572
521 402921298002728065291302660067690077651059947498399266520580375893783926
522 518746205238585854129449425686259270236541908826670516007389537458262305
523 667797090582544775312622551099889731989572102510350480647522369280241767
524 859585529940751013876362812690472962517863108888628162624247337548825556
525 1106340356997986682092813601146243459963468636693566160640779968777527426
526 1423782334734107395720296395034803353300277323274667639035209858879070885
527 1832119229890058599349862082968670481238193295750640228405771136577369321
528 2357323870291962043052786420242757269512790907954313928414822607757064686
529 3032775497637010377243334057388199061047534306234460934677561797333734932
530 3901367475699527748914931146192660005279183984574969638885138692442349440
531 5018213591200206404031705311215731175899407578749713002216297539669241923
532 6454122605700029292294419351935662101498958844106133905349138235320298677
533 8300058706428935450181136979862285331406074825884223749234217891141602423
534 10672867040724526262037977290273870914379784055501746642953257403756369051
535 13722622419455123221445784452973768557217467127876672024336773364125897334
536 17642060429326863543660241063971550911155469598924527546908894082492759991
537 22678679866554042140067340183266203722818746243954412061572941593744618710
538 29150271619075783880417154089159560123585884293425686645760049237541343656
539 37464842158675514751758764933141725902076149941279015599566467441583862131
540 48146172820136195198230344443090324070273392452398858598344433141664624776
541 61866605897025651203331380069801453301939478850546428724317139475772022361
542 79489096855003994525587355558036987304754330441105561768014599188908045584
543 102121146286040051542689353473860661542597118978958944808654988723844563865
544 131183960975964314166161168248378067903057631778603037007181019103853860015
545 168501135917187993770565350449361986291596673958827211560273802357301916710
546 216412356230392760191588444430847271962298793917037329488356343126076776592
547 277919163946921627632763912464546790933463585298081213912739413197639267700
548 356871814382853903507682720586299317967741060218138281413886910187456647403
549 458208781887627466956190905438995461037914132685884784497905794671202173237
550 588263720510280306328087626122040865901643135830695341052478683754947630007
551 755158840457089869733124788103353088139052749049733822012752954481497713708
552 969308980513606248875984908740083601060396425962724798097234126243032910951
553 1244067465285239580206970164940164826838667408344615229420412769185699604913
554 1596553550388506046432927428707160777300311751276585231500586632187908737412
555 2048712410904108957982179024378009502121011443864893200000910723253214541973
556 2628672899194506938629238173020685203052379199766306318086064676746751814413
557 3372486558007617657287963371138858052653238422165069924525390404785477688097
558 4326354736520460013416623596945081412450957351233025338148283348842307421271
559 5549480543394019312635241038881921095190247782591885596427029888248933722688
560 7117720600796808864685648739359922901303643757644116524089699073149360676976
561 9128260461519493221573137386090739830277912837308188914646659881950131283104
562 11705600089104000564059165099654929648629271056467615048964932852933402326371
563 15009215775721771888360254956520304332331034049230280049862268752672646145142
564 19243367136939908765937637968614195643970933752865721930546114137368580247168
565 24669648576968193567155504882848136501994245442385883952181094960145778676786
566 31623051784500826251152731635755892208804655861704916243481428561778422669527
567 40532519518520926490852408114345013399764011993710624051429357077536706074108
568 51947244103797747322361938896200305269390304152723851254354404024396850578236
569 66570313190817402396405206606371650992181685283081612895168104987202636604133
570 85301751535592287991506114523422803635957422123993480825438037460259616259235
571 109293577756231732845762182389302029736964752732504646275370662786099599091044
572 140020223620608574649469308016017015265916685082971167086958761175151603615491
573 179368594330860730369042705697626071197480153729233337418345016806257492332101
574 229753237567930977283360312220473064057446852829941534683651570973279376384045
575 294263608326512891541705164628946950375778100842577492165626406112190963926627
576 376852357185861588540709911718184280099105942354854862543223342623605593656289
577 482576048261252728587332309629458682664219181035252500846621713578908701760262
578 617902878527509748219586234345708122379943613857488554004353410031390402431761
579 791106012477603823967952259007441128580294163713138701118391014525413724421902
580 1012766307602479759026392057099007609512944828598939838860606257021180761131404
581 1296414796281893952326641808774157701805878432641155436324662624590094391751648
582 1659353703020277350317588422887517875602796058158328042777375481203724199494184
583 2123705516033724678490455323315554821841321311056430265045085273512721754007539
584 2717753341262303455913856112347813611966366307549788463088873503958273362331072
585 3477653264178087529038675326183304212443720039513643418881806097956145907696460
586 4449621775149008008920221567322630212756031952043909855641770337678584518888430
587 5692729810130375631183023913480307637098958797066124092213964045240109709742787
588 7282471319333440981432915851090765666313455690625726839719354715457101885980144
589 9315320668958606794302927228097492872735474182227706946109587695818300475075890
590 11914552367584138088477054500185538546703329927458297123799093844278068371963072
591 15237672111222751940184421669145570198519568623916482596565146452382032072472531
592 19485904448947955873957679833096217229247152047995392274509271176279933640482669
593 24916305207004486162254629520064104931184608985560204432262612757039422208381665
594 31857223467283790050949257525470024820219123494916316289517113958533407220921304
595 40728037671562513515457241481749015013634821528097702343373431560016918464495926
596 52064345161712056275161187723402807165465748614649263294808039895260886650596069
597 66550109262417846414668074938803616838642144345331175810696920242017250129689355
598 85058682098738724104184169939392800656356374357155415710762164504522628144554743
599 108705149217948211311894392356313897735839781511306346598102481281483566054271586
600 138913114966760288232560818494625880685303103401556005391454581358586090342187686
