1 0
2 0
3 1
4 0
5 2
6 0
7 2
8 1
9 2
10 0
11 6
12 0
13 3
14 0
15 6
16 0
17 4
18 0
19 6
20 0
21 5
22 1
23 7
24 2
25 6
26 2
27 7
28 1
29 8
30 0
31 8
32 0
33 8
34 0
35 11
36 0
37 9
38 1
39 10
40 0
41 11
42 0
43 11
44 0
45 11
46 0
47 14
48 3
49 12
50 0
51 13
52 0
53 13
54 0
55 15
56 0
57 15
58 0
59 15
60 0
61 16
62 0
63 18
64 0
65 16
66 0
67 17
68 0
69 17
70 0
71 19
72 0
73 18
74 2
75 19
76 0
77 19
78 0
79 20
80 2
81 20
82 1
83 21
84 0
85 21
86 0
87 23
88 0
89 23
90 0
91 23
92 0
93 23
94 0
95 24
96 0
97 24
98 0
99 27
100 0
