# OEIS A189281, excerpt n=0..30; inspected 3 October 2026.
# Source: https://oeis.org/A189281/b189281.txt
0 1
1 1
2 2
3 5
4 18
5 75
6 410
7 2729
8 20906
9 181499
10 1763490
11 18943701
12 222822578
13 2847624899
14 39282739034
15 581701775369
16 9202313110506
17 154873904848803
18 2762800622799362
19 52071171437696453
20 1033855049655584786
21 21567640717569135515
22 471630531427793184474
23 10787660036599729160073
24 257590656485400508526570
25 6409633590481106885238443
26 165928838963556686281573922
27 4462073606461933066205164757
28 124470791290376112779747519538
29 3597058248632667485834774744787
30 107559658152025736992729145688602
