21 0.0 27.6887498977336632914458588668 34.4256041561000979394496063636
23 0.5 23.120931239168936496319521299 28.3087755820351046870393639441
61 0.0 31.846699711059293575700688973 34.4256041561000979394496063636
63 0.5 26.220925386662545082745390108 28.3087755820351046870393639441
121 0.0 33.0881443898346426090886560581 34.4256041561000979394496063636
123 0.5 27.2091769318939320161896340079 28.3087755820351046870393639441
241 0.0 33.7443021572254492783166143063 34.4256041561000979394496063636
243 0.5 27.7440211671702415293706810761 28.3087755820351046870393639441
481 0.0 34.0817342760656000403983733632 34.4256041561000979394496063636
483 0.5 28.0225185002502108585529933846 28.3087755820351046870393639441
Wrote audit_independent_results.json and audit_symbolic.txt
