# k  [t^k] W_2(t)
0 1
1 4
2 11
3 31
4 65
5 157
6 298
7 661
8 1196
9 2516
10 4434
11 9002
12 15615
13 30914
14 53081
15 103157
16 175911
17 337083
18 572032
19 1084203
20 1833370
21 3444906
22 5809704
23 10840728
24 18244741
25 33852040
26 56879735
27 105047899
28 176276525
29 324305593
30 543628822
31 996943489
32 1669712456
33 3053814272
34 5110947198
35 9326498630
36 15599707275
37 28411941710
38 47498433365
39 86368631105
40 144327417651
41 262072914039
42 437781391276
43 793989095511
44 1325913665590
45 2402315520342
46 4010658722388
47 7260229297716
48 12118176629521
49 21920204646676
50 36580247104499
51 66125915018407
52 110331759607865
53 199334198645749
54 332542750708546
55 600506789848237
56 1001679917921636
57 1808076766122668
58 3015647816138922
59 5441395831061858
60 9074717043484695
61 16369128768431066
62 27296866000767569
63 49225046745819533
64 82080973313142591
65 147983184578759475
66 246741339591568600
67 444756034909589379
68 741528919600157650
69 1336379521087269378
70 2228003075984426112
71 4014666365523739344
72 6692953347399162781
73 12058471155717987232
74 20102276220790142063
75 36213301979771291635
76 60368133353580409925
77 108739099692897002545
78 181264898505534341230
79 326476992376578874585
80 544214887259284002176
81 980110864369328724824
82 1633744740760125086166
83 2942112563727897866366
84 4904114271882560030115
85 8830997720201883084902
86 14719882894268054347853
87 26505193285836399042521
88 44179388886655287088971
89 79547520221775443049711
90 132589847228083231234564
91 238726181668078689216687
92 397904843255119423738990
93 716397467718595646108334
94 1194068754050587579710636
95 2149765550436850801987692
96 3583133633718055911288361
97 6450797170720859395203628
98 10751828792130767895262187
99 19356319923675385243091263
100 32261842678881710904664145
101 58079244487280169819317101
102 96802169055388554022913434
103 174264659201341544484286213
104 290450073924410118403996316
105 522864470110777324069190660
106 871464281038227502163577090
107 1568777962122096208284974234
108 2614691454169443889519721775
109 4706817049246843040980279538
110 7844856136443647467713512777
111 14121716084628456932258470949
112 23536615120154186011612518231
113 42368459901740657402640881067
114 70615203719141088249175002928
115 127114049712044019404277271515
116 211859639522923842158217085450
117 381364847509031143572181943130
118 635615645307171189244693461720
119 1144153967639545100350545010440
120 1906943087772364900138121771701
121 3432617479884244146098889292984
122 5721080992133554877865660963431
123 10298259745439413146813645176971
124 17163902011003805519565255836765
125 30895845576717284406963040551337
126 51493431408013602411186145477318
127 92690328445571530783975314193201
128 154484811314462670649135006938296
129 278078294142593026818736124728496
130 463466259839688309829791773470254
131 834254017130031599781700147196342
132 1390429740117617746697253846077115
133 2502812146691047709831060416679294
134 4171370276252358967785600038988101
135 7508567591273896915578159078710897
136 12514323035857336417135616446394211
137 22526046132123294342408630099887463
138 37543524672973872360859818532367452
139 67579037320074530323973729767905543
140 112632028508028127488780264258530470
141 202739465373037109858111272255994886
142 337899893426004411758731684389297924
143 608224557433849600119397660979183268
144 1013709649494671535113649788992799041
145 1824689802832954815473677302264081220
146 3041155048232078920293888422129833955
147 5474111638778353665955386759851066839
148 9123533474723790295368959174599762025
149 16422445476642141530819671997983993573
150 27370779314506004953547683150440339442
151 49267625880568214750717059253347246429
152 82112806284494439086341898337357337556
153 147803635433323009751835521734120162652
154 246339644986078106984408887872186755418
155 443412890224182486712029005693847330770
156 739022145015042568135132296968161851975
157 1330243864653569769237424898239217774090
158 2217074839082958260688640405413762923585
159 3990745191979563382022675705013781178045
160 6651246519305559412659565741046693994351
161 11972271176014231268823711879401226026019
162 19953797160048903991328026512305369698696
163 35916906730250465518279428150245547110451
164 59861542284486709439141701338123265844290
165 107750964197299175403210755681019064761522
166 179585021664347904630955197045859377711408
167 323253531409333100714347945138895993192256
168 538756098621367064711111362264906512220621
169 969762266673758266151631512307988748168656
170 1616271001938183508960167534813348684340319
171 2909291178541116154661568117170163341971747
172 4848820090408474197914009632704872298165365
173 8727884998737113645967389870694047730916129
174 14546478818933111446758221445563000844641566
175 26183685007032795282386057500059153572675977
176 43639485015328477537774744772114396863997936
177 78551133590448984008112160466270002877591048
178 130918582173865173971778302717861127081630342
179 235653606468577292781684577051800762181097198
180 392756079346705604031137072208092071282851795
181 706961357928072303694084069433662279927825046
182 1178269109387567319558243718957044897271049789
183 2120885483654007848847875206053536616187000073
184 3534809609379943403905186656956453151639168891
185 6362660142049055939443224430281520283983538655
186 10604434800444104049845614283075588350166064820
187 19087990089538474069166367043737784581007700319
188 31813320037027892238503590914326217674803837150
189 57263995567702308586916624206338198893157803358
190 95440001045866143183895043883202950798851856732
191 171792052936976278687779829348628077197592408284
192 286320110306250248947099359519446630689114913881
193 515376332213450008544239997673864165590543467612
194 858960611489923738717612816056157604357670328283
195 1546129450614044190306847890204447493433898033775
196 2576882569014638372703281082849145522025604202625
197 4638389540360693892778939502590984886664906552925
198 7730649630107343596518681715205751681392618277450
199 13915171732664071479871703406637141583170440985525
200 23191953924967449069499768511139757082669381828876
201 41745523344219622523629019684754572514171977690804
202 69575874955775173572456938363784921051160327217586
203 125236591359759102023929203750385432716315582359306
204 208727659375298581534370592617842128130432812670815
205 375709829914350601351970738275591213511671853026082
206 626183068468942100700294682404448664730975374978873
207 1127129635921171455453560656005782506661364853279061
208 1878549441927992309595715392943277140658952356104071
209 3381389290462800025293726574133590873424364587777691
210 5635648945004428595215022130676005921883153327420384
211 10144168873308137401323229918777797155315449055526027
212 16906948456153474777514992540251216800598111533562490
213 30432509242984338521443925377762828399328932020360714
214 50720849612660539641889139390406286370125571005771656
215 91297534596213057191474692078028984826483773340525432
216 152162559949441775862154495885611994707204926701842661
217 273892621767359370138703107000537443158342823026700008
218 456487708938505683087229596137679608397334496795179607
219 821677912370978664482452534463540149336772312857180603
220 1369463202974597958828798110355810269329467050852271245
221 2465033860340917457083406287224587125823789590979965081
222 4108389808310856249689552336844168929939337365431969654
223 7395101903637796208094617848143001004864308134552694753
224 12325169946934674959116214002778484539161887670783864616
225 22185306555530538671186194116861290046586800332417279840
226 36975511207423281134298539573013718398823414515598745310
227 66555921877828022317431589675128561263606150414575067174
228 110926537200125505963718523608264111101653744467366615275
229 199667771422576135817032219614021609440875945552252569518
230 332779620967324249316715926302651214860202228631197593397
231 599003329423768207741477541658296192769982814135650345889
232 998338887424960279666089017202043890583202658601583165331
233 1797010027950331955230920899584683303244012368476369103447
234 2995016726476895702720696564510016642686267874582157947148
235 5391030187732038061422012793266675834570986882041003913655
236 8985050347513744167613769300946560823834413299135778896150
237 16173090835160213439447632695727056782263972001654353571510
238 26955151482588388817474581826183222645829860928327983573940
239 48519273217491895888159095554447524715542452198475329775380
240 80865455599823578336873216869159562480566740009416866668401
241 145557821516545355118745613977210392890200857627491735022964
242 242596369815598814349337449311956400728350878284749261648851
243 436673469429833812149228284861959850364318347399280733787911
244 727789117343122269179721589570675587165419067627551975309465
245 1310020421066025009372396172974980887094020479944434163202517
246 2183367372702216206595585328735934482477689073402552078130338
247 3930061296647448000098341664985884276918525209012755089161741
248 6550102172228870990824329692292652784050962859907004986147396
249 11790183977513939343313794382399308900317867957742995589822476
250 19650306658380430686529332170404463758333076550125094032536074
