# k  [t^k] W_5(t)
0 1
1 7
2 29
3 92
4 247
5 590
6 1404
7 3079
8 6471
9 13216
10 26354
11 50977
12 96537
13 178629
14 328227
15 591114
16 1049592
17 1838567
18 3190361
19 5496022
20 9352224
21 15761574
22 26380025
23 43858080
24 72526176
25 118871458
26 193689345
27 314119846
28 507064119
29 814770933
30 1301318726
31 2069714921
32 3281264304
33 5182677533
34 8156645786
35 12780489466
36 19965105990
37 31111144062
38 48338597786
39 74888115924
40 115640633027
41 178150302396
42 273921693342
43 420181024602
44 643038739201
45 981602330923
46 1495651192056
47 2275354919784
48 3454860796734
49 5235789071385
50 7918917768757
51 11959030379843
52 18037525021827
53 27162028498814
54 40837832031052
55 61300109147535
56 91901635725537
57 137635205139587
58 205851909130239
59 307472591668076
60 458651326428025
61 683455560845991
62 1017555178878967
63 1513262845490758
64 2247949442536498
65 3335638731770954
66 4945311831006227
67 7326358115049237
68 10843375075043993
69 16033475541917274
70 23685729700299874
71 34964263514069863
72 51581148925442523
73 76032365448381443
74 111982760982137975
75 164800897887197172
76 242377809277069624
77 356283169964738004
78 523344305681637767
79 768196877452287015
80 1126839253095018493
81 1652016341324896991
82 2420859148297406069
83 3545315377623661433
84 5188869821195198861
85 7589878295060290187
86 11096645778904285951
87 16217338447633097401
88 23688173526353522059
89 34581931797084876733
90 50459636749245299638
91 73597100266555444998
92 107308003170558005523
93 156385418807773038982
94 227800197137770151399
95 331678090054289936613
96 482751948234875523612
97 702435431401642020513
98 1021658749019660049964
99 1485329403694156835421
100 2158579066258086906515
101 3136008411408989368734
102 4554901856109791297078
103 6613307143140443689579
104 9598341495853577276878
105 13925855681198236737334
106 20198934786572088506068
107 29291565948321514597021
108 42463175732174050445517
109 61537195218559029351383
110 89151410235550376234303
111 129126134793759350387348
112 186990967726281821719187
113 270706275037299526288137
114 391783843183583447564114
115 566858634269986435429550
116 819994725177563087885135
117 1185984993979198301393964
118 1714873053394007324290094
119 2478953831102443596568393
120 3582595250945419147236268
121 5176618061009499759652432
122 7478873958840723778648199
123 10802459909658149718150227
124 15599270847874813057117633
125 22521117184412075057001093
126 32509050767952580864620590
127 46921189098069246026536442
128 67708056105498927315560916
129 97682541412356670603096526
130 140898804841394678709786617
131 203205229632533843899587326
132 293035625138682066822845498
133 422495014228743976065663496
134 609027484626598470980124124
135 877757437503658651503668644
136 1264901877874867569601962165
137 1822652330853109024781792296
138 2625877131114241637849785391
139 3782395399003877547601891394
140 5447400696807342074410982930
141 7844459458530527677317799764
142 11295548807420852401869066271
143 16262310069146429678716157935
144 23409170140104857124952267195
145 33691964622848550684975617276
146 48486832988216754995797471554
147 69774570881402034910689459528
148 100393902854469442780194267027
149 144428372263348512831138775217
150 207749571988950888072866475950
151 298806558653434124513973708105
152 429754727276954104171867163228
153 618007194899908507839990622552
154 888601141243681635853907197352
155 1277520523603182133663321699831
156 1836521012037352402049894307761
157 2640028578835681597321290933796
158 3794622718689147349945576205399
159 5453482165090963890641887722905
160 7836669611204078558765353427242
161 11260568086846450601186242303258
162 16179961644437340574025168123069
163 23245896748944393605780509067293
164 33393717575847017721567159992779
165 47966688280561498695242030869737
166 68895285946378536734056203748327
167 98953467970948577739078067986846
168 142111123925547166426107223646208
169 204069755196475249090892582469166
170 293014707475554347469275266669667
171 420705603773139645989325364227999
172 604034690425424690187112409542761
173 867170523171720477613894298358334
174 1244812968536942521259102864886992
175 1786764114917693270609864235170169
176 2564551286819440280604190584219359
177 3680890694045525882905546557312668
178 5282708248337521667653903429004274
179 7580893559075909145711469829427325
180 10878040128924813524243921387004476
181 15608623563011721175212464886642016
182 22396404653482657288289164617070036
183 32133422489135864741713299297171653
184 46099743064402674246158005285997511
185 66131620804440924256749179581059854
186 94864974061686083848425141304007002
187 136083197699421275699930018761202556
188 195195866562132092035390292371598376
189 279963916029874331057098118079161978
190 401518005789866606493386555179964525
191 575832515061766622501008666369565142
192 825830945517765110170539018329108802
193 1184284047725011724880453461962004419
194 1698197406112127076089749951864978893
195 2434972878631461783255912021746977567
196 3491324283001219676562581884100801239
197 5006010863660157242350895224237140478
198 7177367366388190302033734847219136629
199 10289828573571226958798990116238324153
200 14751177374903631702129482073534869370
201 21146429895093671338236523557759680111
202 30314786994875744190279176607727466904
203 43455584983475145164623034313937074888
204 62288527201062986317070148786970862475
205 89278694662749392428885550554116311229
206 127961987120365569834717597485013363226
207 183409831113357226310132374346269325172
208 262869079639756739555428934429865232597
209 376729305636740444256673121593931945419
210 539881152576017216064540746951842003280
211 773680579023348882758481202166449020604
212 1108753428732269083516815887295205195522
213 1588857664416142278059807160669907993579
214 2276719253262680159074935773109612386064
215 3262227354039980535414519907938002141712
216 4674282889798514154834052571461372044687
217 6697714743572306972808864715488754348283
218 9596577381327458266282055238929043660941
219 13749340859046844943646707805877280316368
220 19698307080290834566543278212999842606452
221 28221044386927468418168437231263290865246
222 40432367321554603133137045791903906104098
223 57924797711341427596618182354152247429881
224 82980654192408198490793248300382988488095
225 118869881940392052284154357728665922981445
226 170280525231836874022820208306249072648355
227 243933228079897228907325353758014471210576
228 349427670496513674849469504463730165787659
229 500520263653354983706885687572089130490537
230 716918364548696018827486808574925785047378
231 1026873242646029233069094814025208391774694
232 1470881323633449340469674155253647689129897
233 2106782738674299108930445662799855591364584
234 3017455503466036666957666545476154684300224
235 4321620095578126657764280085002667826017591
236 6189452265461675235821165641526873685454036
237 8864867800737964686128313361231699875311030
238 12696222030467489752515154515772957144385622
239 18182626921023151333402119327938570466843240
240 26038991774847473245226166129873991231192030
241 37289998675685481966795343309815148887670702
242 53404230544250853287977858911425451151917135
243 76478955393916505585273934218082550950453780
244 109518853731154718282680095673598563073305423
245 156827419604125458481016614114109221511077577
246 224572433234321873985130750555837529323355749
247 321593004744544798205130816856096635987267595
248 460511465324639871527603544736471331605972075
249 659410205337243307422884572873391124789965248
250 944186354718354595452828571754219453604400833
