0 0
1 1
2 5
3 29
4 202
5 1633
6 14959
7 152705
8 1715227
9 20987617
10 277496461
11 3938158465
12 59651595850
13 959746298865
14 16334106573179
15 293001480031461
16 5522056228407286
17 109035345836069665
18 2249989392110586845
19 48413174086836069745
20 1084015396899876160224
21 25211421447032884258577
22 608025336545356315446771
23 15182493999808391876889933
24 391968172838483455809075957
25 10449173827410563176677621089
26 287287272630099439710664189189
27 8137141188938535564148342841733
28 237191988490668130244076226392948
29 7108582287134286533159811551292225
30 218841832556972430181970789915613599
31 6914749092128740585013205545553723313
32 224067114980265031395449992925791922699
33 7440682896086244306822665657178746053121
34 253032618472481132595130610180716507159589
35 8806076125012286689599110827804122121618065
36 313443628254906678364190775410521872194269072
37 11403833101043805851509786541080356813239940657
38 423851064438751992594104083415704103417009082139
39 16084799123840878440444667517486054032852139897549
40 622928563908143654554862276286150736455671949167019
41 24607752594100685966180787265876837495087878843405505
42 991099902964541462337407204984461641515820940060373965
43 40680332946179141217502537079374019869998058011065550429
44 1700949704043534295039365739086450238488709460838479543968
45 72421019356781729006328714581276728673286483689735882440513
46 3138612529770545354852913920543651961148539115862607059757199
47 138404871512370943586960057937441841397571481094888633590727001
48 6208016778108053207581733769850038342931775805525911828971496838
49 283136327977582949451824350253472218158273295850638266927224073633
50 13126189483545614259403081155925572779224765409586065230243964224461
51 618367559515691851820705875138203748045368120658416011224095470621269
52 29593028041939654064053965103526671236001319305502604881906487707381150
53 1438273109052897684130886546185174010162497541303101618497763981273732385
54 70971127869998078135640279523796922227697560348032944868207339173798023295
55 3554626044810768690853646863977287555955140469945087829361779999689128394153
56 180661482154898808748423155843915229619622639711075446445236176053562391068609
57 9315112780460915448288135056918894792166136427342856395187559921699030301694785
58 487143274228530045343622924141328540720601037748895996215438929885253095071988565
59 25832711711035213801503140796235128875795324889740160142115907743781337997053182113
60 1388768806453307822051157868984749291095901977036768062925974623957372873982672300186
61 75673133979100586076439201309028587739408956520629285262106540334182211867167643520657
62 4178433128461176044147689943844182676012792696030465555773607443058818797324438257019971
63 233752459349877453683155084782814901227204190486656570141887961248385118612710351610572133
64 13245967543431141969959453154019249126112767605044612977757131199441225551961261888661137734
65 760172808701150317292476624452526213961879854027628287043565406072901595494861648595248180865
66 44173417462667031672328361169105145950094132857298872707661208908400414392202532202662260267109
67 2598668942647033138688496784396201584375261318161012013832149039103023454506363951044226275211217
68 154741123220177052464792886553862642099533434269649434526392300039535181363495196251125948063712664
69 9325048385629800968039885917790710447229359217078197998967126651890899077997046051481421209551945521
70 568610429558812833751124737062318032395634905322000918575704758791034890232431867136860271848988009083
71 35077347761381785953765917680934974695658352547668648792098854098410390097296452101141431999884800364717
72 2188863185649972560491601023838187516215046731799041533050776534419118955650198005557108728819506055974235
73 138141450206489576423692789972709154379007841316530874926566100397877024147918789762751551210486890850387009
74 8816136032320782572934173158306959757130781717759988237345114814825436252841611762002138856577712725348765357
75 568877140982604060293022379035481663613977194060696005738249770797466875052688683440907211930100413417465469949
76 37109345479192883238997146788764097245728001070746225772720408726781656423867250548204010392996858113964840085112
77 2446881677220906263183801624269823394964497407515249943697568352840492535756121611906050001879501768825765604394689
78 163060686762402718239282712294375609290292822005788272403076585746026048954373753999002147696323793485273535825547183
79 10980835933285880451771738180596693747001582457302597790707068416689120177563653027698789044203290912123002942330284121
80 747164084943079135665823341150159163976296163013967645054350662487862125714210826472395697284231247781690778135210634636
81 51361415233720536932826830855717791711219155687374616989294964288094649983858998364116027766937090588050081501373499680545
82 3566528042554192113595556579124907176741948664248393200354632279857999487109656265180553655198719104163805703168815325176397
83 250144225270851785748751666917333933211348280701788578092204589720876728319509324214584522152624887433360369875635120427380941
84 17718265894076668097180691883911159488222937888009785340255367992069191621851925232211412435687622108916211747358456648509635514
85 1267327114679782657250785223085317935474149245462969582849463485215908032971018524404511715958640577827151852472922253001572796673
86 91526114592437094148646831587420814809293784008410894470413850183592425991855568683738096647722618975319092838804850988383897232551
87 6673339341378933051661160929529198689353114997622283560857145178937877846456835315154069515812939364081966295316392201948049589777041
88 491176321308429572309250064912236125436659554667803075622925105292615037126856656908895109591207704896048073787990758020658458224017481
89 36490753046858826283964469181871654214341398058946788041501136559903580934332494945992776680486123192426452633776261473704659569874092801
90 2736122665610107539642809986633799017150925109522013395939469310475432039349863846073356935885843142603585516432941932316750576143128739061
91 207039270440001333320293411407004558281170478558944815940184795238735117564317112305971269258389488167836653173247360553784400291709314523145
92 15808560746643668220018903144422887318576176678148553675341719873646898899857121377206038976804758955781430577652736488017510363024905512726550
93 1217904616355434507656625754142351529932930166184215171180826361454258078736027604700613207882335081133248440544241628999167506603675446745290353
94 94661923391844586484454543353574697831857457985950958631423059436132468114267607034515716819094814014623810955995576673036623557396087576049233467
95 7422309736237653230044224428349894753093791882482726501957585926613388082478413149320582788737722319907165873947839944016374225824558816070894464573
96 587037616381769928234949144841081254426008678259911478677355554418388451739378759372526986745676210517595641056496841573715869603431486726398582504997
97 46829345402739518133842640416775147481080095239406904124178131449709071001617546998538869454910619440686234237340498910525381528018575154022119984600833
98 3767545388302364196297617470077425978367505701370124423936298043048722749417492847772014007376984840912894353252133292052527777262978267172628028846077317
99 305668606707702012497324142468857202311222055832886311700468640908247480903786874203263070843970172004836005130464082039689496183989715645263513739810290613
100 25006880816576630043493318960784268183335713840336008943779681474169513652892945771223759360596493379744109649335391663603296885410170440547890349202991766838
101 2062764517958574238975885127443602151870431013302947218916760647515550298977682657816761980118521015080584261351983622815531113705359273422721226170367968965953
102 171548527622401100893759912710037430839001716838638555558521900001603147190613841820184472049066822762248083845853930841981321053967382068422701992513255182870519
103 14382619124059687152678171892426008385696838663096825858713054034366588924975527572546856370678289086635603839455393992035607876079694903291380282143832626980437193
104 1215541165135834669743371144029532014911031365894527688496399355269658014820863611656759593085573834057097739979342013118726241525031400350500961795651249634638078203
105 103549916104735903145936837338630110487357617067227102680666207958852611872004647100436914498301796305191137464793283891565048042018548505901239711343000471746811669793
106 8890915932458288240790504896340022634561513765930865962856426039014486555816289501135587210534377550148971244694167108532775969957592337727150965746698986823564320728749
107 769358570250937708268149015581667618203691905242594434146998500713897185853095305550093045113631116250473251400898215840099179530632263209021142454435739270119205127643817
108 67091277807960432568720017775486302961857864097318543562872040747608619280930085847450826755423304200293596830521526284881405888869342994338738052735421898313788801315029862
109 5895603860963249590560882250861654154687797136797575251671069469889934303002333187381098520858964115472781960801987735368900865281091097280300527010251640514360009816886725201
110 522018645555813696270164502188297256411705925069090824070553848009982358210781990208500421364004914278537483598465518014069453007183135206991674015265705215606547462605565164083
111 46570432962142356299864854681966730197591673829459350097033015775031804494427473424793309341790934961487596369443682369776308949421829882965005782691575339787437771883403144857853
112 4185743714324015139869795336175583224521727862981826081596492968499012862598398705694572783254292123940248706327692383192958901445759724700937530479015611495965924216469808649711808
113 379005179456259610416302478051245681048244904607537170562353762836490406758978080171159399222315431814615007112416121646780088851858599828821473466944546273252661825662981340762363425
114 34570077064870906923518865412316529305943877766587962376415128173489422002023349212414223400300950764335761967660231492900332849538786470548587173405782042243151790449271527451053513341
115 3176224932845358403491983276968346879912707355885763449768554172915212591271618261378992219011474090206356051975490583375200326172748553944694035083011966452452170778141470862857090427633
116 293935012804272180654744890984941340831499215945397330906223509088338657113450289893834823863832864540385226927040386249692987079331314710322772949288330354039254210109752016146560796768904
117 27396461552363489830305534268227594236964170529186597841806452065789351816997231246637917240380159887885983998080358750706557223251895662281457156084287051883690681908414821242064470266116241
118 2571668941648091082483280119547452114215903365740325239528300147014653088254167740244422255218410517883149695214878332890062218536362363908574439839124727458307328615814880097614757266379940083
119 243101620234893169641899634538019400328332610344876251515611534096151077572681214339788002751483287467962378000948634271850713935753549076167370950202986756618475600296572229832306972732430908269
120 23141315546091414779408821342828103559572602148300685215728196941432818020644875356898589330438705868813556912041804787512562342492662005789807574882054979924264468239480535097049891396412275073061
121 2218151607863517849022225315262005929574748590369272604809529969667709032160392797592225184878539376494208466911368512222442428638629293656843240645249646031295574313979489839344554435964652982439265
122 214078664911568734057892454663632353014276220070183724534228073511178627458957543584514976055149185208033216415691013186789916854330212728070940663529740854709694504970235711339281837033824486702976069
123 20802278252163465355100380130056737690292979558755504103671493799599414716089771479306550922598161055517064654010053565592052076984958991715802216183515298692992223839589511428688975670545809274186496997
124 2035075451739542771375708091673678997558775718728747244146325186866773219992620604931319588575351923077874100548885840897151866316147944565556402990915480461035767655752761652710441593380639235683135084748
125 200428439931670195340703236292204883660841959750082582802894233599676868735559637710636188620407713167424515080218808230261183869851181043936061556096479660609348743503346818648525901917019003977068530262337
126 19871235300049223820839221795582370955191285771274026471057027563530794887870052877810067915576278813213908749482333272985411153228155459440398892201452819532529923970083712859246816296749328590263764371728863
127 1983146958741369982560501167349655616390037863741397717129051131366547739368131916827440496937807415955156852305156420272224092539262864282632318441203879951212642908370793912974053526531525471415310609677418225
128 199217555861307438325302088192610081155739423198819600501404744545701163458324744278584009838232830616370370777569462884160738495651850550685983582477082339184806228209870965575786039119451865832776659832457340619
129 20142876599493480646177067640675196853191026967113648934177111618404129076503355437483617928595207670250951504534442976142333055562594634892066890707004612501622843054379366697245437205781335015698454467646166814721
130 2049818348673177497008638145325236809785955922367530157238635776381325865463818568008265696099084858131285278663755862642323902418609538269332382226243523245057308488618500247200479075760736476597459734527820489879685
131 209936717879817153254068631343305139975680652266287563212807270665407217441318418962366731877217842152181414576772848794378406561059464114294819408547806844545300568350886235290697992874989890721571553247114734369261137
132 21638145030870747870099356179500335692321676516458416853611962158189915209458165375016566262570288685094090850570889062622539570199522400393759066049947797518444816341194905542911010918793633069011546632866492468388787672
133 2244347018162632470234980007830303121582852552881127743912323506894878069616027301186598746832218274608093212806565648251979127049197682804134110232311688221977830530588068980307137325098486221319418532205218944085536307633
134 234249353882049408266065121859997036741365553907003662872249247238506867313038319882256930626795471112415022961271527229150071199747473468847857124218743165198063311569441564656836369051595923083985737066701677347039512172571
135 24601724852181119268533779326539037297462794462413940815332636406771954599935093975894562175983211439313018111362523400103193558514020618402254961651948381613847657952135260299874900836145479525335937121974576475564438433430189
136 2599753113247561304571880499423358642874371845674523452615101807414174346531057033736187496794657607135045518817450441408379262791779093315174985297379059262289818792479189661068355032358653382976399330488136059049831438570500835
137 276413317486745496314035741152584524379660525079912193743310007219539852481706402944934861990502687641070577249829348582385549352595418496218798539143587825052126433348519058702294130560442705481640274071366936740922095989115221953
138 29568365007426393717748537984199761495979594577589551952308184712032455512445907430161135760787921056584596470478662592221051609348652184155182766389183096931575865819607612161288932042300608643861275942654775766880360012999889150669
139 3182135001454100080627961682841460864671728654286147882721978743221357084686083845629526298229677744871685685293339554925890841262080538065364587765503877937057231056646227087437559441583373076730280887913628112656015414802184262161693
140 344520084857710141739281163175879359157372142756203003086198040836946869433591287010672776430563450465183656520403855695569183190012216242213190299383865255479214826088941032385845919128258632617388229076934919335743024926155505592701128
141 37522962040767145564600351894785364791520563163232049836769364431392604397501831661807164074301548319789180466652805414768956921576352979920448598648291597767792676658117200158503623102223362159245909062049087944131192630447678657893100481
142 4111009921084288176114961352238149775627280934640213138280953207643523994779433501404306421236424586127782515064122476174284166426477546429799924820090377982096551771401164984484794346250363531792802317551722051181552479234559658394980912303
143 453055327905398729274848166315666049900150062803366097281529708233312735214180007751234080136410654919229178694326531326415391399084269527325291763551253353991962848775482804708117560377570144133854642979485008637575708599395074206467771409209
144 50221302228191181899174016936377063984535540018775593208048364511541881692110277747360979066697102816019067386287782602907634656781383372665775287018010432537889685566884030483324728110203127071306082451237826209385568569788926690295870034697228
145 5599401987466495865127985007414985982244312211543958477816470516878702853980935771705429290627687378928056238348535800894753569875257454964707562174287956881264324770725634475939291174751748932690840103138286932433135043481245542294259914519666081
146 627907172624641019734513083603236135262875132544673793285778357679468357176173174394533076917961707743759177327746855582365981849307882972730151141991636641150885350528370203307339742536563632084470902605081250349571862160220578020367538646073339373
147 70816222383201760587931238898222110803420645424620436328013484268287870361794376593202341244181513229752364531982109929920663915753165344134414127263289163667141410111635036336953246972288260926497854517335518318189326686882470812505622999665619645101
148 8032249678876754572863972256729963084759969199441757707459066681644002569767580768416227099510250864227990330309839008912785594256777073072474157773106918742368221384668121879685828257086519967181276778006796731994499893891223192679386856981234761408746
149 916204897748010770224262070858315103962059403996898300458994454974707839522275931761081011813047106818542371777628808191662690456177199781339114456468058326251091092367407836554112605257999821972494074521257502068431903619598816461106211447374763594185217
150 105095235994976745631370724269721500725806762873585056046846258642224116689928658312353978371145232273693372656173054966476901948065099641335220768573940113750125767480584885366486463081051165450075265760055427497589907028323048663532075547104575428146393319
151 12122514616439922980080764473782486637064101323524946871903600398738139627304159464408167847609295866569831784725229198835258703192563277641291738917029444504478807801774185456951002641938594292368450383769719375753143292603025303169613518027526595538168297393
152 1406067363439821375533133305378007736588663315672572894053974351901271212060172224961590976772506362328493860278955045695077090153886358811444116185219684461878392279712218189154437805026599081581096689837873402477778310073215809692698288750558554609404737008273
153 163986434430226206787285222386128288358796138202399562996866118874623089600125243692443699569200383810344063502977505504035816269778632732203777730554150449892244815162322254668157409885955335367504341548515474305057287438868940578371457456016380067302541062129793
154 19230162654136198356210071225917123497069885639795786615043520526320694231722067747623622921091823765811933095574563489829309650307208320537036041916561236692577912499243032532010291051085751686927584007370564582839678609022716153406520131390698203496175049352509973
155 2267338067920278507218220420233930888744813356068525638892685590064165624390135164087379153742802959244214440821721532130095524442122386786226960579666398032127329427221052298622561369659194393613751651257403697352987530678886329698570694685890673904524670459537766601
156 268777634039438525007115587100732446809532610484606585449291178846440092260614030018377874464714278320719174100858586228646143929887553105929767523830347134588262550788018194102084136756053741183613281209053861806437266916678638486164419989036825844340868829538051962390
157 32033096426154616697045911551879329929959306949287458444550136244083128584124673330116324741389673493473806439344551790544906685372877967759826986132303091396618527349566986878726569670104658654638905055962748268659210015164298128302601883289963247076473840694237529948145
158 3838126350505024220370580035724987589148404435083774188692290176093273637573297312473541344959432141445824717251746971897441169996202692237837096190244270644139019601053355446336645446111110688051671517605887145965009850693792607962254978407593593729771727458420597206962075
159 462317091582281849151162753976477375884439260691719442925996835313271740887833825919842726782850122719831940123170300000321945529947396668441101189205021600328079512471274755486061764942197074802163608836222805133864647694449753608554688336024231246795868517426938757290519933
160 55981808575764048893081940702841524755734790754468066337944134806933045770822057075542777440097080935096974925538892476350750919650962796373359280830174592414591650085308195364598601015267514989727410113373184724854391413649024663941987676275132395323011606712832147848537141579
161 6814379632051828051639923254991364528702051019349022440187198534821296718221354866881163923637183412641933216280622856635395951113415793954500608210169745443454414303955976769461743677456078395940541662468675270086888454835444689229456668792337391842023885565073587070334724428417
162 833804909412857321814629588445983024111758442011512002920250686628533518592194320290052708738886636193931100900766203186078717907627321708389916849566986038502357796829598959289294091468004547131968038386952123754839479679365348333878166812984607276276079049482392853986009268888357
163 102552856051513317746840039425681158322457153539961522607895462106307700072571003016350555760230481348250458805896247382691828797387890624297268455841738434176858295759639769999454378916946322009884266793441961728753760713752706109470164935542280049427867921189818210753707990638045549
164 12678354418188584404040443424396875741196639137041124438451547324538473840829584744348784535207917473144355099679100074303612000206348242028544384214416730060089627091358273119296827363391126722964548912040367599041107497933966104187459739505990825273943705363328557634259878973043524298
165 1575420965360092885350394704774267690233125734522596896493510492242394530797107839994911494835011883839108192467066161373755778455936949230261926086450834851776671553952822696503222886276943564278685685638593930998564512467664057686051814040992250898720904815707302261028603572266258758049
166 196759586909791843577866611382756924394224416564996714619695808630290315595137791660650056455772417891862755475732531022117966329552664771964155528755073337691440722308187078262375090959608161657504182591528444752460227502067765220178425560053672007811739790548266483901698682799662936832543
167 24698343779021927133994670667578712257736257141569910766869901164390766610490316692172348710865307619583398664734027717206807379743686450648915497991784794494480554264918848574520294626623776069382596084374129869866357797339701365888676300175534163911889680324444384395325658977078482603094993
168 3115872359858512900968977219241163844780513437358614304644921591565045609599594755262961107295584579979211324784437106495058925656315452680078758442592144455977511990070089421003741382302082263593027128027240282113988821609284776443507396773251815110547261133078760829918892989798146585058581363
169 395056110340215765167864533832431393975360467820354681635484815613747441592055934720738200771494618807837455186622315641635908147982379798563837933371150412856301635683145140524259386819273478825624404575425771816838943864536748611221226273492091681974603280161540035313101453017072018981030670305
170 50337628451638601714424705562426902240924272736384013575952069673328411709936452852285711450932026321126357004928711819398397788220642086111814854114367421846065290452021495795927916421076625859915531561908578517771932533524905513140575932281826739592862366556982775078284526799401134793765293316813
171 6445687556706714471249534581278283054153994312703003384792427704597083668527398692267773723118621820564557775397212818466350212031374101738468002841213591326072216417844928109003303822168821684610173972447348084495224087354398737657787061086223117870342299134697158083368232951584807369467700575704177
172 829423070591423980370728567731366950374525339730464364236019254780497751151537415748167695398351619409483725923103853761538807663830389664776577322416419988103330119079310425580523908418270530189137465861255903441616514877544218499336862640093596670042782411764903692585330485329872331379551683986805162
173 107250988426275114062161492948061636654024633815666913474703033996947435879095520835202930358668307792674642410993105825912291953380809040334827727699476919617752177037761100565549909648506242388586179368228801209342702547957734484721892111760410179632069380675607642501920381821492573233777826323021807665
174 13935832952225537918423173064494146437444243668956498467839931139086855905521039833829588384050469246679747739516879058066534136487117041673899541173952916572580484564541807821453621447969411204161168200530535851717384508243297615695956038971597686767949308203718485312020655496296459931232987872591427248107
175 1819530065487129175035777236740067610496620207548330682785705137769872141576761221711901067044393825765033400919487543324715616137603372370715050168707601135846981602013918554151369895716354052554787570267202338308474383268695372187137873420412865634020158178994443403731233971138887193860487770977539931694805
176 238708886849287120468184065453351709284475761900950281108926443263852984684737963200414494802782593064956023741625159633472102138302069286712442413126383252090087093959070077416355440316192575584175152278065678583505247204646419712372449695884076234278188572623732363816919250250947487807233521068988407987550876
177 31466575908920141955616833887350472166745212557008379699453457922731011429844406351923908640560353083445728347032052739045813893285988044941589748413171127589893731777956910371352797064506281175978283525649606129991962745157910210033639251817434904925676281712542019510581954974995899769111777001576487925115340193
178 4167643502671542122318708002059703435162210745771048768341913538676602036121629836560173373929803287996730623948526799740817264136331981119301575025759237839453166977470041375132921866233591457616016166187556285540702378949110589660979069501379472579668682229085369780912487647528766124691169817493567567555489921789
179 554600897718959395259155314738650943999487464276494920170869092270596901498923166771767378066664007436832938007712245894625962941802830382799106486600968889554066243151570176138549419807016916581128481742414683599648239802360159696477443620013719786216780692275261299973404001593504956932418555064005482880968644999193
180 74149526253108780934789314503374709157063032666728211313939056581988907901391317233636258692815325933349194580659685911176342702824848763456430705269139062860224222348284867700220666998683616785962626163543730952572462910979130284430539540425630588972974848103706613583981003492059079648867238388023165109759409415779012
181 9960083927822741257312664639699793325084189628403200616484673448507450057941841875630439879069112670620261283916047108133264568386953991672731056534746345079362601537859876785003514289169805280659531953464740940887053456036386523662454777273020419904266001398550812050899017058220780459995832471638169367992699023965791409
182 1344106055408165475613562019041707283114171409849873770736429893813762856728599588288268541068457874951291209957950184966294740212538103836243464141996059005401990575925426781950385302198903867867086317211910341844535602249474432670316538891393415351657744864568719592298844631469270896887111495344504281188284466846946565771
183 182225535169784931405251343926881437299553022538985618533834849646873877177450405867964204747926087432664377850505575934639605674759352641214644858575628991466201308984004029465678077884585820171234695101205826070221968650826962878500610154103699368619215177605257200586089879007681099681188794363116585305487932173899522320901
184 24818723357922532825071447299206113511325530671567663537668114377151846261374255441144262357331147076748749710680526976965936495364937512798293083581522503324939227517270753604204306469865563586633522898019421100316925906343856163129860428121278091855684943897096147460822603859737514126420128568195442606055535087103515205172117
185 3395733607715901130141879416780575746638319185264073187099065901502423680016928944072259626087293648054938847579860095731437579491929166123164932744085537300386639533582045880722234824984898832057218156847389476922675089431791731572330497614765383136859943754994179467666753514728722530654310955018185486184985488109063351205391521
186 466725289613300468591832345202222592908501175141134867873611358345615541181905094376422708467923102958013862957081933873711562182659442062306771408934139915687564713977356533568155677680210658042484289266199029308688495160539100852686728574130208684296124782981705541555053065705540985896435573589834932225451215393794434668296837701
187 64439518485375111551165482598945589720231829081317922593880723878916411317145840362267383181989452406866370025415368013548565655011524773639578061442184285343252648950073668759584020944007001257458199588508102749231949509143333457668416194466446822615024314395267942256138764718423496615313165915441427974075904352572370511891300520669
188 8937092740517979828982208642798102366647364801286622710323358616500456107363604071896296249602936860142322546836589821243741501849691019831272520571994694409496456981467343996980672037424899963115758774084580309668280502959668059968355465279863211026767316654673527158358781278875227424733966917292517409399488429465794742584513253065448
189 1245039609830689260142129327010428325866872000225311447925269772459707737847709744123283207411708489872563383752597696759263069456096189282679130723226962875830940586281600798040737275867013047463890841216974808064499459081258683309630196178698097261849383386942257948924821238517959360641122083587120768553920380705981492946087385318756449
190 174222003122923890563622158102768899097051654659466746853961174032523443653301979555949657372329600810332119192805404760734501794499976950552047254427760643319082957659490514899128720081043355880845437423921561714629689717686971475133445833945026413507917134550111685031614453848699786493255867983656525550520538715437971773062983139663599239
191 24487580471300478333706627537491617521405351935099478543656856570821284411493395921818594187666582912908496968676992987375476381472076729579172311891389219200282370106962469957289673029856701147760413368591395791125966421212524137947936186957052169080203559204899718070761649880405267015984073677484368019098861990614574911708035255832731988185
192 3457020848276204895964219611718779706121503353467545567549326949913520812494507047948697537225404273442555832035176820898936553676926900632316510509694699541513794783331409423318299443324442649380962563075934617219745001490695521747893476563409445762795469328843613852279109393692626417355716976433102018459484499523384384972018998085877056113878
193 490186876794820590664694772427562232070656483874786182333339886706553691100429812730906843280581037488149150039235375466848620901704848452114343267325251853521797208563200662322427371123497268781491482727416868990639485233881166426990829509616638443741578329574797597454386681380613591256765506896534043072908800628114133116766247390303647569310849
194 69809628919321553609114493500338872399326517200868924292024768287943006814983545027375757520637901237918304523143070725476896879449836404822476767755119961802405419326782609802134394807903829940405894076725978761175683756922841419607055849831472025577905821296940754447748074361405320289393610753518980814870455158270991099881172436416532977381378085
195 9985123760786165423244252376112602380198366661317309859562296670584139071253983035855325518321553515920300620017338976362942257300799821350309258481684632286544310714240196602213013898861343063327450106768281938223616488638359671974607639093915796887514929651303591260475782253213604736195752616405024411472925949572524127762190530357437232251331678069
196 1434388020065207906180494166580092990682120589962662868373299069527690770166124490395275991018812174872828896419794118084580645925706614319192639714381484910347098423449167195837590613062093970187278940924933827941503531621661469271127971975741017134686231462014051554983916532574325212627613983315933050099518703526338940241857995978063216017876208760334
197 206940558389517117713793464510778306936217670683256408966586002741382977009828342740863882482071796153068593796275728884730655159015704475191568650402680013701074469988792290153733279340029272103780954415863162905600012906490327050563720994087730725948591991230098928370885518402742582356849492304013235770846595282974391384746090723089185596906588763466817
198 29983418182489935397878698133870810736882295247608733839333503366256079783099299716687100961419887082579694042851547794206489643090306461347641742771390172220636683214292367679910476955375019480971217824675647445923194120249417330166009530147367030856514604819740861046298310726266553613455847057925805764876475315224700422233856750769610695266118414083481719
199 4362787949011702500553948622284536707598043206037356739802995258134096767885912634082496316264678481327784049307823311546027996113140282653947870113600721445550077913455439908759179280451100782171248130292610354563925156349720699919094743656431661565960444823384530713633504269735775350210455621532750407197699699647107602899040882618829004612269770160483476969
200 637507758758850034806496739688947882897645636103502379056556144353370379781176435259499372238457555841740928185542400028819637900099816677761592532264512495055588544597636718196331448044005099549565323203698313128128697352018630702621563705809493702367599195590258378050209031821505723134678471024530452651327955392066689469708707214338156413805579167325181469939
