0 0
1 0
2 1
3 2
4 4
5 13
6 42
7 139
8 506
9 1915
10 7558
11 31092
12 132170
13 580466
14 2624545
15 12190623
16 58083923
17 283346273
18 1413449148
19 7200961616
20 37425264180
21 198239674888
22 1069228024931
23 5867587726222
24 32736878114805
25 185570805235978
26 1068092218188695
27 6238565430536502
28 36957951651318662
29 221954582443127125
30 1350685036631951386
31 8325146844285094912
32 51952123231436531269
33 328114205305547699277
34 2096541953484704943136
35 13548596727217774882074
36 88523984376835633901946
37 584621237506227390682560
38 3901335209733658180110875
39 26300340887184017295555530
40 179064370906742345865673475
41 1230983897694800132795320622
42 8542631561300861911857725535
43 59831859389591392837145264560
44 422848310566991875290974072644
45 3014822803483778531263347269573
46 21681118216894298996160122197830
47 157240856936163590677832114376511
48 1149840038321108756394880680257047
49 8476670950428116015384619739957012
50 62988256811114248592265996244095129
51 471708238495453863149059073616868016
52 3559612862286739715197302907512459830
53 27063612848942079749688270258003782591
54 207282692243979875328908213568321514720
55 1599106217018163106857333407449785608737
56 12424341473615975685293118916109604653390
57 97207099133546820640694942835179404108829
58 765772397067925989783075304883664806065248
59 6073358072434804763252784106380067674676162
60 48488362218735733533817746551659102332613200
61 389654024181396345017108579289277747936783302
62 3151439055495157083729741861738007984790773285
63 25649757291004983039860055908900236567663628732
64 210068082916828361739443707744504913786296327502
65 1731005756899301924643991964920506418485674959737
66 14350233973934228341330465505887080560445576142252
67 119674898001287922704974040746209696493256318930458
68 1003906990529585080640455799913766084556808436199802
69 8470206808973022543782399723940738843807495004782584
70 71873617237379348974430649065954421354399542425284195
71 613318072378821606951640180131276870358005462824975596
72 5262711469386659313303400358690067139395554733241802401
73 45405511633141010477321566851381145651092062683985954514
74 393868592452970833112624115571531554733246844606187387555
75 3434846060025630821893496560603055604481978993904967428660
76 30112481359263179317828362572985435940300593932219326150720
77 265362843034013901926140712685275675312412446066355653143113
78 2350496908593439959012533889841504236084717179804422915585130
79 20925588533233072206915084926379903301968606376821219769684431
80 187226452505678723320122348362252411594739936065606740939962793
81 1683457021593730048787577654109341174512035456741266925766509648
82 15210957784233632277741219033711183128103360713054470976261032993
83 138103857930634579261578722745538103290433273563250408100964672752
84 1259869012610599046629322318112698550528281771437795884275733262198
85 11547593690130851989650875256839800703100521757716996679944169624675
86 106336128847364339335596422262600546775314329047005200539678490722000
87 983718218821009819185590388720910501369689996806722237438820681025743
88 9141950848085201758508808956861459624725918945960627280699650930355308
89 85342158867096925879212256238527398567600612128119091080399390819398257
90 800246348014070776830782088952500586249051998072127722629565937279556872
91 7536996817220287018587454242580013582296934495926429101786760921351068966
92 71296332249406326386563974428769249226378306040578303137959579978745314644
93 677345697964748908780780710038205587783941880870893291868026589162013593494
94 6462617055426525715721677019457846449504241033020344856588290308879967184585
95 61921612761722046660997986007279036420735518334806546879093198088351628063419
96 595790007704500528618933159282341074872327178710518849644843786978026336772308
97 5756294451673902176993603828496835379224791339476119988956470540134971479742152
98 55843637458330854034189992322263057723719611986935336627345252897486616546966245
99 543960981968350318059700918463834581949878849207107824324463806821400111703349158
100 5319954787857169558553808865536191069517333237214990107185239954462835118100400056
101 52236900975197565625361520943846963420240888878422164906812278507946032785369922031
102 514943514852407508494926584992720624465343337793510311060911572216843119792308475408
103 5096104019884978261334603592214174697867246799951123396263631683335415645107627964851
104 50628791611549930616946500949977074744089877464567397436724253771622652200294452455890
105 504919115016180098983873730363214629490563153683185529757296492491567982267252260296289
106 5054703821376138898932773047419039459230962350136965489111265209950373155477225128150976
107 50793042410731904037040622616567226278329153994671945154800168959581000533209438509732688
108 512309715389026346186769796021783086712715664244003334243551416835636660067347222673904706
109 5186403656538228100652238560289490607961997824564456325051491494579628422502872707680946954
110 52697639735050987116721588132082645815957794556156381346367200796305093715264331797675390093
111 537394432111719792357352945829598491134661127418842238288017432376055873591317646643690140385
112 5499947954346240552266532148658316249935598472648392389163612515325501070951853782431181835803
113 56490305990376809995693937689312878146954617045102174455974811378711857865687739261847197727155
114 582272058444090256816543398929196214336366086769136612845390204414515683248505304864150331638798
115 6022844110740425380000343159406114584922261700860015134625287064340944731493265253832363613472688
116 62515562176064881768287349546413906459031623832423452145981187431429650211938644368161019100449192
117 651137816683696894203160532085906875580415358418240898911516194767751727707089877023807320608756732
118 6805242119696545398243549637653146261863456115079233904246273627166753605903473759106233248896111863
119 71365441830151385657360144919293639170235397317884782191723008020397387017009175347180528383000171828
120 750920712383472436973903728739140743079835400740643071845909750688927612081364393868120272812210992359
121 7927754317894268825238784968452395980535136139440758757692519360020709313848542221804166653672476383526
122 83973968114683442507994915890300469583914187592549900313705926401598322791183622757748324177923679475411
123 892413574978177323079311634824175622185412523295009866738573147067579556084253436011829315694409294244870
124 9514882871403254461926866603487207571875885923472733568543614521900280676516036953738194718213728321322102
125 101776023024347290234120785494025818907300558306071305746907196275587228531822044376337398687131982106759063
126 1092147752613734597626726625148888831237005964197968766973212014401295112045787435386266968796449509663916340
127 11757108176267542976932655066353230610179461738731742423469437011085520389000473288981298886990828457577044759
128 126967422344514141157422493374696772901383655622249520179581809431264234308504674446799331596607994668315144594
129 1375455033846341291349650327444775058447925264791488123115426381178627532155302197476996597220756832208605481065
130 14946950272336954171808890884874545023035279077026504016507012082654263914650285906388704236670610906979322133052
131 162929913637453263606115692304666627037034643219850859664197514913685180751962287375241863626848936689490853848214
132 1781481052423873033586478562863768924748712584388337236762516925658337147006897185160818152155123224668704950425358
133 19538174114123034442630699823018986401684175439096006054400243407775876834776863411273893444237982919679511442824552
134 214931227953727146370389871371891327373054967651694713867611570260192888569551171024414210127942831624266240925391363
135 2371474017592472718621805502619373164567552286038840752595176571997138661543434564525794786466705163915400425202539180
136 26244070499355299911841183222667137789588818200375860321868925335531808904493864053570198461212307916642576506535515961
137 291292160843841509198121723287515435762679569044016649581632083533577068843319634486790886403035790847141009648420966518
138 3242665190390592776071920305327872989523498728348145378864499692793150917598395772137947512614366863205994644445012128727
139 36202802905877608002990667887979353439864843715736123083194987424261021934581213786558237605106340108734245682852836328008
140 405359397831170115917389425937785045866106897027571017666688964869315725388724386158552787433203920149487387180532398941652
141 4551846135125554998176220202049806650566934886772172179519209294386704291905337489420938713716134621978478850338933509870853
142 51259647063116391797626707437740263646869210452448129853857834030334771945820313347204023874593738057012656835959917183649334
143 578889821866611682993422204380934429929494789374184599454874761943234864022485840839248026584349805802896912559045732565451141
144 6556018169655894376736185112602444337219418771626081504446898413308764808981371713573621864175041919043449000293057041319907483
145 74456068099492180471386915473821805828409152735782672981557899796395336348756708351039311594438344434570030851634209545647214840
146 847944946432763318455608795083461568750786500238137206255074231908841040394179873062835819619820915846394521302415317395977512825
147 9683555042948950652461543025878313363893823509394392633223740245479037079345400509507241656046827814714578242432941720405720983724
148 110890340104069318718491079306502485287772085312199379996995163278877707398832111478341063718368205235026440427833774615856582969466
149 1273317008775904918684042523582361223446746394998320427200965990191167666531927707254207768584149837534706544681438697662040778705871
150 14660730721734180912319834113055492478538939204961371623530922790039668832646017462707575680647600371741318353657189910051293091670604
151 169255723207697867862149166367367888820278885706523459869071756727749713707619946159671944330530322436688506320057797582275677321999071
152 1959261000701227655613981687804835212520448525396952658269705008510180195624743734895911906339146824013876699594051989041818521786180860
153 22740238901284821154133927556526239678149956102599671728585637621177785591608000647079564986101325218881141281093050944633945660396740969
154 264633156792359473932916156636517400201066319528672854671856963994130347454876204724951927197783829741631415068759207751680864008720193088
155 3087683650360999388408186320345697319361797283462197878564535419246472778394475586195564985276517848635157314649353247865767665760738341922
156 36120481972319641381779298943491399137844918069177618645464465538160872672298979221419805503331342248715786179410378073916602788112940660952
157 423642433720392466646669822505781358653978412772234318717560177385702818402171555424525281826543477951002362841749996923650381688335334029034
158 4981539978678273050147267944005748617082614222385368216770920623685757945262986480230020395535706827613066480318590408173262184060134361931517
159 58727185680508759752461201230872674489551370242498531960205940984572072044692783884082693189861532573719899642857586911099378074681081751310079
160 694095775639951605290164232404862771217832216401721276466369200116293160229247910731760672974164378399680955883358852237286957079864682434892466
161 8224274156028532395207995001670504077223701093664315890686951625865276376351085971814753765229052956049102056536796146723977113961956464613056336
162 97693827919374111035217450948594144955427529183424855039859051218961287660332356268717681520285752604902409342978498860500887250730682445866781817
163 1163379826039436774521301700188073629415698182053761050004007323928174209477103111912747966340611787777523659705830283946092676467601602977602985842
164 13888468135344507119820218849380733709800269911074384702321086183388931922652175484581472764482361540975763038844313533909060796512443149916817370508
165 166210792867347860162637960420035063234367233172343890725497934035329367197574619170252450637356306242006726426427265061107053318690179091562373937459
166 1994021640356689221577225983777479387241629702153641935617619943583460638110894555544796239344823320389978397784591715031318014596675448989664172087744
167 23980601629903259142332622218537697730176544187348642022934183903395641894830075847213679144610548255738269417011082247342642035860399375835538209336103
168 289097080516351918811812262431864804809554347488295114812966990369841459953897520173366602468019554034320776385726938414709031805562339203534198507309786
169 3493612202006720714692892511686358693622672302737057609197578136010846205365991532744556844444520090780387158252048154258877662382600153688817095302114945
170 42320135450939229421413702319146395642119463851983901330367298550893631653644406585824500350092040999291894260382096291792947002236154894454214796734512468
171 513871864626063370910192235573314439603102640521301059620280904195520856228975412966516605939835439263355657355508171445580087667483425155306234919952879948
172 6254494439592474405871627945381393817667750444919242450012957784760033950172269231011144692806821349425736758558043942350560450068089839042034818548732855070
173 76305065687193617922762649993157650059478689325212802535533933226773780667053985476202982890129053719747531107629022821081735633206367273938894765797227851190
174 933109463860909756885433551719124130509497230186303821970065660467933470794347621167464375613796294934816360624954760509855241188975272192875276804561677253149
175 11437318654550753211102898749330746365481879115037098268153539695688860350186400949919949224164581787483789703583662245708927070388207467631567749382679896704987
176 140514989204914407248984670144703533969810762411663748614662624518184730649055863847162671604274267872309830826420082474158164565771897267688261320623746391094721
177 1730303790976504636588630286295876548422077752761730680083973182199558623435972427012371449876862154515840031245938561361245119191060759021486710056378124414332155
178 21355899221302619805628738949735303320550817812524147422203305309130956753991647513023214772455071976149860395519285599973098723268889710412520885361790735569522554
179 264182321329381420992490657694555012419953601872650329791788562747384669609007953823497869421545207852182836933375148217945443990777581190035660739315329477513696932
180 3275477899164387403926924258217104978589263158796079910793339527179954167981267640533186310175479727275730558269250483451537624885417304351634131278284587636783800884
181 40702898058507092417814292772495696739438717543530715275857753535863781745808648773710773810821277189938393405509966941879935244507988231010020980384840401009491977636
182 506932914975466941731937930213592471173334645096987548748740171105547204636530509570759433786236834110682697330598298024391020926611335897227931618095355001272404346355
183 6327686698445042285648720911973546795023099926310920460224303623145643370819552546723773918125179792972086477386862353026829860717935807624334077030566700992678250837040
184 79159608603752855587027634167145806187245190243131667243302731127938638958686387845392085440605839766786780720953209681775261008863500881165153105304383336040835809232751
185 992479239325671217272386873504335014056135149217830882753328291184652617799819714778834600614111124587089440709775008822109961745900420141587821983065613835606277603741714
186 12470771711781697850269495800663290869502067063317045714449969618972625819347484270714979945261635456484774680221556449697642595112930874236873500560396893522623141369459627
187 157041476139986102565200746284276417139194467325100321971918595679488845419564914454456737696021929042314458360139611289792198726956397534325004889744712854341491468065356130
188 1981890418824567886435851428598184314012236644239757946781416186512447219025926448120653291799585956026887794269772600688415032430897918267051077189127168636460007391182723114
189 25065956201887447893226642675019885553931929767376884543163180493742520805608069564317620119046985028506001801701865391912765641595438410944534260402982696171093621307016626307
190 317704578696153597167506264040965487646354132412954738803972686123938384780104289419259363866745313207342041371133974905448836022235516868821306046448506968341729926116720583036
191 4035454638236100110017923733645546879170822899958389598552064466311462906827936670219296817355567811312296330095942430608631771671157043263736689728621812455893877588349266840538
192 51367278053873775605865928486040074399863027788332072141918495231728994361135195557244692800041532056433356039096112209538300538738734243244916613645691851076156773188285932376760
193 655240993924118332343708964239070081110374013129913161745539738643529574750968736733907789797905400764326447523992206853903543291765246844079331068919987324493334289170678452950236
194 8375897923506644202992383492915868430409327140235753758419804420589947859541299118300885014443912890794940993050876815561265787345320842999969066823026529319346922007960911711995065
195 107293380970403445441004924015006517529087051907087285134343101173655830124198851904935745002168855993296343127777060233862745683299611388502570660891979434830306413640870285016429510
196 1377276704113224460101586570161215293412995731882274043211817618554271491742098497247457820274891565780347730766353720110072385962125941542512338528959991903296804489319671860393658456
197 17716246366617250493311495555140156524269155894005642081379199108996744460912593204798632382075924263937738601775779211386853351359486104860781969598858560616497424289959432607677576295
198 228359995499493553518034410529992339681235662329339847026968750936525007862014982592912480594062445178861262014463777632166372521044838701273094666688311394751999707792577570113256790840
199 2949590709636276782664107752363580609600535565447410432449247565834413921240516879270155274203643042125770151980281044143930906046761694142739193130047385683519142985060794433538480122369
200 38176187763987779885380405619252946730197607287761601707548787690608840256304015843958627542646587550637497138497985058191665016842121723816925024459514817799218082695624631730376193553532
