0 0
1 0
2 1
3 4
4 10
5 34
6 132
7 492
8 1956
9 8142
10 34748
11 153560
12 697848
13 3255032
14 15572833
15 76228800
16 381459837
17 1948892842
18 10154445286
19 53911635360
20 291383254258
21 1602055532356
22 8953834959159
23 50836072117128
24 293027057708055
25 1713843517578836
26 10165730163842979
27 61122398515702660
28 372358337317674796
29 2297409596893301906
30 14350302103576372780
31 90712759086988540404
32 580108451232463855407
33 3751811022179137564042
34 24531783954349100124042
35 162123668358809974192240
36 1082610669659440207580216
37 7302850787488708357789020
38 49750585046662128230573847
39 342204971942061839615563392
40 2376065673287147743775263549
41 16650251855500518570520252324
42 117729127754633403537616594523
43 839773756562139972066474374564
44 6041908602602473104837858313410
45 43837037787134704980789755258954
46 320692223580167232771899609474752
47 2365069410309657285296902426897260
48 17580795467884181388228237846337969
49 131706123709905122974266335568005360
50 994219858923265775097457224846612681
51 7561475177996215011862840947211533076
52 57932083409098598447112378417595031620
53 447057434094092398619209861865119090430
54 3474434470136532633549256295176725483158
55 27191211546156858324240569942506234688628
56 214262145059497502471941913186284852491816
57 1699751191859562968389975690541537750344234
58 13573769893116516209726606898198444426807154
59 109104987662088098505155437363660162560682816
60 882618406887992418204963054360375494295376598
61 7185256696855890781162083667261565491585540768
62 58858685252956346199507856008537112463984877533
63 485106511433580359658977853293966973235811460912
64 4022374258886194517948894323659402493334726990792
65 33551226154295595289446390370112645787367962336482
66 281499551246856539302120584551129882479101832475150
67 2375496119772804647815947492534792731459375901271664
68 20160588090675055215282063341202873025442364578505208
69 172064092571489881099334576935291155111331640582755500
70 1476666261205968728086346281261120418826585391267871951
71 12742284065170025525786621774637421703478043366147201280
72 110548710578781694569228940307363252153400959395557394011
73 964208648883165604453587365475071373330135500754397805516
74 8454142818854673346395887016663258849551416297136830945607
75 74511000623752485159291972225193362479651822334293134840660
76 660077986623643220997097259042318377492916999669361541234478
77 5877148068401962745518218253986646425653310271628852589692018
78 52590550815371248270805364310367305949658083718255428854613100
79 472925077695155249357507788570099550028562180156074387554723676
80 4273610849445311392521794013446789920802470412735292470836534419
81 38805267957934585317204777289631805074833035485467063736249580584
82 354042299557825937232267639800393175774232320188375887762069856041
83 3245372930104070860445537662033419039257276716820673343106995463524
84 29887930348347166620952338035368893847861090176345264499651146525148
85 276519758290892810755107332398260653986915186982961398960779744393350
86 2570001732333302559307128947619990780952757051992939121735851319191598
87 23993627265046902527018834661168329693588493387957220894634105906672580
88 225005143164270983137193689128048795750570228145054162155368076573279278
89 2119348085863773731856299658390854162454909605259703386300376367659946994
90 20049574431302889753974664631085563556072192907179573108192029836411288322
91 190493951151165495145049331613391922929448709268603228005704270419566598720
92 1817652877307121185807594192133068474780899859530648795785042821375901983410
93 17417082262941404862967886597390271370653692222537051147954313304740131857696
94 167593015999555491745213799866399392334418369138650182885196476958955260377729
95 1619325788419739478010182042731717382256444742924296625438480770860923224477840
96 15710588842184293134922931121886507613195128501723616441929340600353104166587062
97 153042862431541362272017026028407345105498291039813136792181109237091946462459296
98 1496852137440846749935271138880068413342495740355994553217321876970934264564701733
99 14698502302439576156687783878330677756872059570482455897507097453747116236097956612
100 144903578898828764706525355740666289805775582889674040861525020138763242082724022022
101 1434104454698234469392837029677241980082337759954095286083345358522214824304161261990
102 14248272520849441114703189471603980671455721790503926882666651254208474292389197859998
103 142104492063574853835207316897647012692934653575304958223807112886745577963759668546908
104 1422663753093088796748515154083500387782948398867958175802058829997879875391159357674004
105 14296527947410136022557070296116492613892322797552182722207798093447703489176510276353914
106 144204229854846654499875794396437303344221056292254224090429963425964791196813225556477698
107 1459923368017016338334873276781615668755196804606029471171587455514872002196248370472995040
108 14834487530068995657947854887597687881274021345426548391211868370280596455265621337064217104
109 151283479513656018740067671153595151049592758778228161162465635675541583036938300004270951520
110 1548364549703417584937165941345001463498705244755972179991809183542386710291032884904869572789
111 15903921415152041497754019447207597676573791643546728067939240012458102046943404867621138923416
112 163934844357832778487963081245863637830675919682858247751135891810350430484482421039806537662309
113 1695748201300924545956329942206000544986182363315271157622982741788430348040134594789414844483054
114 17601987618267366341264377244908236522723437959781358018153404088897140806011764636252694352434780
115 183341060951285344765277801839819991769779908520454083810660437291168198648680497036668031490926904
116 1916209955735383038148593074153684760637005222453380755354604471539757616310148305666337265496972862
117 20095536856842452518125632279777418903241583918002610000095967267480572531698154815020196998674533732
118 211454702837907279818619804424234762832677649214177601215443940993984023188892849002848467711439879467
119 2232464390915455977671203347243065646048879647727382421615191867863579536355932788187498685931903437488
120 23647738864554495017368670170410281508158925807699153117079514832009088134391149661109330678404593634353
121 251316619073768047251568417723761564573512692552233170253177942896522934383643672387412075706187761020732
122 2679588487560020566480666840299818268901189030970155245976486798905591184932622858936393351838865191374727
123 28662844142203837769299607722191781328445645511100007444587680157008286544062527840819026903060170982637316
124 307584109869025627674183302734157158449274446750660647954145088706696954938868920536524618413772917489252060
125 3311244597931515581327024638211172500696927083638347597803663130533863476009591638996304727494333714720140406
126 35759453093093586710581837458602434158850076464045650703755162345301084356706506810778586318315867617768159034
127 387393524437824271073170593360339110109664796290318558123122067842543828265717014553663111652588497663465652692
128 4209839438546579645421379746380476829758748390575166549603878544405654357927191922660866131100903826797326749324
129 45890242361667061092890757247832968124647760003940862701975057317525012996282014316079598873793133630432439757138
130 501772575681007518805731827714352744117518601291468081342211878000642510353128179519422409751069182719988953429006
131 5503202537523548005518191516747304961326984132503395321028819983308263967872035567426032482395502352479092895595920
132 60539171857050945369211043909910643323882728552516058009223369051962614261264676022230509653224085233007044689167948
133 667975290251293523186092280269427702711967423720626700456501396693289992560710798934760832189683228183085410438930940
134 7392271990342036516137004530588435697402114027770489265279120391427482722856283203109721536022503328076426141587789087
135 82050249931222658692407878331159749078154116277099002768464181392015773742346522728228821188779153547995844550061105072
136 913392100120803972463184201845774322371351267029869453151309198268253727094026526236432105235259385853914729234512476323
137 10197671965838677709308610672852460776070241774353163231610801712927750814003370557329989923832642974982991291781508162596
138 114183267142741703106837804886551513344715874107754059140101152796825783837303446864849529151645819091242512572041525926291
139 1282191386400211412693139845332605626007120103902241250854228608139545880558702135452277633271664478561429518771377433032676
140 14439217163227376248481290363744115345217635693508110515299626451907789677305682427579591146136764988364095201715511535521170
141 163067121360044893488304787368289091982880795897460190652989520031347909419589763961490836687327648474240669992746010856459530
142 1846769953568937732228120896750255971460146578037617950758359117420120428375650858730196995027228132317843822415771778321045328
143 20973679326175085583894313499620164698169884448292752449386143445094835806632421026932186121169518200365366265351600330824172924
144 238860191145065542140688351801470753461204116847523157967266384944607105452098949472109928310696315943745238134985235786856669733
145 2727798365216754269998278866677674385401948302223736979321806385977408424139276171857243438494880088893168701317434165303349802536
146 31237207837978153948303575214172920724788207878066363983006670716747101578207534897746683644638526304270676516294697727725442766145
147 358687153921902382587952551969122541302696972237351683237913865488091261844146988935124735176618477435871715549970812150550197516036
148 4129861004020996746109502860414658961065862447454665435895875413708353272467832312005912710297497310405776438808311608921033705528256
149 47678596926988909346575238263882371223541383957312421383228782902089120311266907834462523475807709502617944779927405705346701548866062
150 551915307062327143172497256018232761774703746607993342163734700728111698272514813234820030753297953512544061421126897664446532885264882
151 6405823538014191331240821911577048765042512084875653722947145565088954023355048807407649065210502421125925569502539239766777822141024020
152 74545902138296214879345169606313774158650927940555065491539285646172959246427618186204345279844376753721864015351182645470061370080219790
153 869784485157258550981170841950981773534484667674850595577229183325496238954600882878361714131497996980436115737369786686211544007366516018
154 10174931944750377213321416173876924580040558650132800492694821429388717817857568410614852951614963674759395062920370045369112559442736068218
155 119337333723819436041848679605666809371719457221535594685804906584749575555410038957063869964071562137777843196429773113945001373868017120064
156 1403263349695203064365282479770296751560084282697737303605165686757713284104326906054646143088136979897757150473222050125625905021717574472214
157 16542960359674039129510829212931161937692416393259239073529321038297000394883480826614092887686994714020676450003586831499814307919904296630808
158 195520236786681361617841502052733237170671220106608620779737101910894676251723309553959790684873264652865032835305708029639209748551714959821613
159 2316690223460720694989122828235497552581309526448860410684981132818693064607055544954893892255501049227435859192153626937463431443416105489303616
160 27519173845741803537299330929570139709147446976039984154516989992104327885340584483370553778746678660022078321154257807560958373132745564038272228
161 327708329685466877164814268226540568347702712927378124627050839128819498261578174519738176033238311420868626173915592821340512247325005653704296992
162 3912170721570120154512627314338411874219518229637503934168141611150263207760677847514871606898147286913899268944540278074636284814889401747255463993
163 46818768908265969854647488470317177807796988424829969233617313284475747161105329402303358050553391680238220428304426716886763391830367646990916004020
164 561678465532456617694052253496149603909715942124199946606799252309533688298188197288192067101354433551214840123409676708385761925597742953089560709618
165 6754838084763033161906885179937238968814850889523929687174860996746058831864851397496102965979754476456816547942892275106772923126775588603887313166910
166 81432049542704251785850911571303072342052189758444698717103128505011007112083176032258746275711452271630763146308949718480588344648432841120101817409350
167 984063170957966823300673217383760749680276071883449968719377164631120783320377731274419363720663757699154482542526310268993680215038253869396366555682204
168 11920426393558861153094685624671264717075662004819204261661003659597339501261351995871569212207712348174960899339335298107107805839618683742032791245885236
169 144742436553379856748482286861686817543380280947561762510171226409400760148569973950497070843875093782727207498774717649752365460783087962869384612962087818
170 1761689599183839520941108066962252016629719532248100235946712902558264727308778794313543808800501241405288919140187360700792527376944870301645299987734346374
171 21492480251875765642371488058766596609007323818060734267485437074192087314664849766417199403413608952063754478379091817943913645628974765135101322554110114352
172 262821927096409621263595279077197873253415190546165243006189731828675535205297772820018459104080260867944064219378431947129919917525149934142126630463114157108
173 3221431566206519954761609795712409355773454260544885264996142453356328221725449297711047608176278052427814568826175473277206383723578943541337765044714008185352
174 39577001390701933158726794739403844816817362248101010137140049886603867569441259487362331100800952401807444386141938125609059694108130504563622603652241162460141
175 487346658285904004589843854681015298282218188343788478705207073181668861725285715162964714618975274168465753121976334039030862402183311836241480234318931827272824
176 6014904808975893241034955223067971331682478694851355921903145036931787654392593114423743201546033025805175749248666361231440165767836491617874435987957919233782739
177 74406311281082206182997833942055329804259471634384909510950135499716500725098855474872086126121084349530226596778331214217228370768327207605650466921970801131229870
178 922519787393287323867969081179571982173735711241172199602628603398950440320228630008649119049330434795633388358400870025272844140199884877925259899759211688154700616
179 11463604988698625311010076101469660608104016136672697117431609491604429798264770288133291764037418627614774384200816029626501913879616237937583644868458898325169587432
180 142771363626574161560264813835151391126652993884505981093934617943109405333203048158965836991822212050928596611984116019604880303312441143803374155383870792791210777522
181 1782092309569843026421804380303309734462654869538442565660457685661408911035713085088184907109470592004918148140283960227425288642778462354365109161479621393414826816900
182 22293761742654511649700677986452721504242077837034021276603702073807872121409145600121018670455146674479377698904825345162840839730883558551139689476499350292129007789895
183 279508820434874081574424438156764057136495091606906026045799195055394323764442205277299000092921249828851324592405400834556351821112307442400057805305185991903927505874672
184 3512057903637399515439472195551332067098545545546825839327919415144248092837403781488237167129253554816168880021721869082073648795035395976299606218718980713439354265585185
185 44225916763401319566295569203891679050261321624788701397943203913969349224396928134841047387739966232107990874749846388180343087486449686056749363977181674784527711643264964
186 558130990888582698234595717971501463894290846736239702066389814316165757449534668964291697710416152058167310145627412839844634026762754116272645995148751007565653732443557191
187 7058861980756346080139953019746631327169330636270997456627944299823495637974264614029819284591224126563791325370166777205586569523199409839441741713805281054590804563170311812
188 89467992741091437698788613015149544310078885827843511699222201076351028781092758403863850899734305038169811098195266127130667122419113382344116770834643184196587361713107866136
189 1136397815302440792715909825444218500832761157419319806437068707429046312569020813885025777841896916304991303944626231341045050780697828255782989018427629337835970197590676794574
190 14464987743853136984579127750628442617311873211418121626511833073682478249235492902880927735398263874719703065979316501968666841988283567783024807942294845520593344093270516962522
191 184512618583696616956911679491293228091376526743667847233378756775304199181719701829769116246675150481461435773938798308408879853975495520939904013528832248635699818267210020055652
192 2358575502908384704368174617943267130067716583231587634033801674391442878442657890979812828416670067276152326037572674171356580641699138193117395903867046260666352808558680811632410
193 30212358981563481739220211047850239682094890013577803372969023586268243703002879344706665034350993803871580523496246442506232548867774616995039234000526973300269756329399167520901640
194 387816345730706965915926713073788936448535597415911063317316855840240088371587135101706718332270390193848786788640799558461265767387970405174937454826619769898596892601209341516877121
195 4988497147292938641586724288959678426258412979884055061671988071745004521427778918178339337999443019652814327457876300452525332238883342080391321023393100376997078471611057201509154660
196 64300012927779545457838043477239948622975478968090929971407731601999729361626500840479951769933894617828016306987031727787861079025110818465765533816758901714852956920448195670187563270
197 830511630449114088398998397046508963767333500182001560580175143872504183073203649299117272012584467699676156259523878216873163159879493747252902261180760283789014494376089609749180094454
198 10749032091535705555980300244534782108505194914729964960978900547869014087458731276484968610132313091554337925675701946392255093016028407557740654149266085390996615133150974341358197231670
199 139404785112654495603290569139639984308032826958445469949171289282329487805589269144265795876252527124592711067139870530640805189780812618289809706707875022731367541331582085867564106203484
200 1811617155914807067923102506293933120054469072365935790019295056264306160090294051366840807831355995008317671015961350137970009652042394928299614465909325303441277574387167509562692484670014
