n3_k3 3 3 2 24
1 2 0
0 0 2
0 1 2
n4_k3 4 3 2 67
1 2 3 0
0 0 3 2
0 1 0 2
n4_k4 4 4 2 176
1 2 3 0
0 0 3 2
0 1 2 3
n5_k3 5 3 2 218
1 2 3 4 0
0 0 3 4 2
0 1 0 1 2
n5_k4 5 4 2 826
1 0 3 4 2
2 1 2 3 0
0 1 2 3 3
n5_k5 5 5 2 2110
1 2 3 4 0
0 0 3 4 2
0 1 2 3 4
n6_k3 6 3 2 699
1 2 3 4 5 0
0 3 0 4 5 1
0 0 1 1 2 2
n6_k4 6 4 2 3526
1 2 3 4 5 0
0 3 0 4 5 1
0 0 1 1 2 3
n6_k5 6 5 2 12031
1 2 3 4 5 0
0 3 0 4 5 1
0 0 1 2 3 4
n6_k6 6 6 2 32262
1 2 3 4 5 0
0 3 0 4 5 1
0 1 2 3 4 5
n7_k3 7 3 2 2125
1 2 0 4 5 6 3
3 2 1 3 4 5 0
0 0 0 1 2 2 2
n7_k4 7 4 2 15472
1 2 0 4 5 6 3
3 2 1 3 4 5 0
0 1 1 2 3 3 3
n7_k5 7 5 2 71037
1 2 0 4 5 6 3
3 2 1 3 4 5 0
0 1 2 3 4 4 4
n8_k3 8 3 2 6452
1 2 0 4 5 6 7 3
3 2 1 3 4 5 6 0
0 0 0 1 2 2 2 2
n8_k4 8 4 2 63403
1 2 0 4 5 6 7 3
3 2 1 3 4 5 6 0
0 1 1 2 3 3 3 3
n8_k5 8 5 2 369020
1 2 0 4 5 6 7 3
3 2 1 3 4 5 6 0
0 1 2 3 4 4 4 4
n8_k6 8 6 2 1539561
1 2 0 4 5 6 7 3
3 2 1 3 4 5 6 0
0 1 2 3 4 5 5 5
n9_k3 9 3 2 19550
1 2 3 0 5 6 7 8 4
4 1 2 3 4 5 6 7 0
0 0 0 0 1 2 2 2 2
n9_k4 9 4 2 258360
1 2 3 0 5 6 7 8 4
4 1 2 3 4 5 6 7 0
0 1 1 1 2 3 3 3 3
n10_k3 10 3 2 58654
1 2 0 4 5 6 7 8 9 3
3 2 1 3 4 5 6 7 8 0
0 0 0 1 2 2 2 2 2 2
