FIRST POST-CANCELLATION NEGATIVE DEGREES

P_m(t)=p_m(t/pi); N_m=min{N>2m: N even and [t^N]P_m(t)<0}.
All entries have positive-prefix and negative-endpoint certificates from both methods.

 m    N_m     2*(floor(10m/3)-1)     difference
  2     12                10         +2
  3     18                18         +0
  4     24                24         +0
  5     32                30         +2
  6     38                38         +0
  7     44                44         +0
  8     52                50         +2
  9     58                58         +0
 10     64                64         +0
 11     72                70         +2
 12     78                78         +0
 13     84                84         +0
 14     92                90         +2
 15     98                98         +0
 16    104               104         +0
 17    110               110         +0
 18    118               118         +0
 19    124               124         +0
 20    130               130         +0
 21    138               138         +0
 22    144               144         +0
 23    150               150         +0
 24    158               158         +0
 25    164               164         +0
 26    170               170         +0
 27    178               178         +0
 28    184               184         +0
 29    190               190         +0
 30    198               198         +0
 31    204               204         +0
 32    210               210         +0
 33    218               218         +0
 34    224               224         +0
 35    230               230         +0
 36    238               238         +0
 37    244               244         +0
 38    250               250         +0
 39    258               258         +0
 40    264               264         +0
 41    270               270         +0
 42    278               278         +0
 43    284               284         +0
 44    290               290         +0
 45    298               298         +0
 46    304               304         +0
 47    310               310         +0
 48    318               318         +0
 49    324               324         +0
 50    330               330         +0
 51    338               338         +0
 52    344               344         +0
 53    350               350         +0
 54    358               358         +0
 55    364               364         +0
 56    370               370         +0
 57    378               378         +0
 58    384               384         +0
 59    390               390         +0
 60    398               398         +0
 61    404               404         +0
 62    410               410         +0
 63    418               418         +0
 64    424               424         +0
 65    430               430         +0
 66    438               438         +0
 67    444               444         +0
 68    450               450         +0
 69    458               458         +0
 70    464               464         +0
 71    470               470         +0
 72    478               478         +0
 73    484               484         +0
 74    490               490         +0
 75    498               498         +0
 76    504               504         +0
 77    510               510         +0
 78    518               518         +0
 79    524               524         +0
 80    530               530         +0
 81    538               538         +0
 82    544               544         +0
 83    550               550         +0
 84    558               558         +0
 85    564               564         +0
 86    570               570         +0
 87    578               578         +0
 88    584               584         +0
 89    590               590         +0
 90    596               598         -2
 91    604               604         +0
 92    610               610         +0
 93    616               618         -2
 94    624               624         +0
 95    630               630         +0
 96    636               638         -2
 97    644               644         +0
 98    650               650         +0
 99    656               658         -2
100    664               664         +0
101    670               670         +0
102    676               678         -2
103    684               684         +0
104    690               690         +0
105    696               698         -2
106    704               704         +0
107    710               710         +0
108    716               718         -2
109    724               724         +0
110    730               730         +0
111    736               738         -2
112    744               744         +0
113    750               750         +0
114    756               758         -2
115    764               764         +0
116    770               770         +0
117    776               778         -2
118    784               784         +0
119    790               790         +0
120    796               798         -2
121    804               804         +0
122    810               810         +0
123    816               818         -2
124    824               824         +0
125    830               830         +0
126    836               838         -2
127    844               844         +0
128    850               850         +0
