# n P_n^(2)(1); same indexing as OEIS A001519
0 1
1 1
2 2
3 5
4 13
5 34
6 89
7 233
8 610
9 1597
10 4181
11 10946
12 28657
13 75025
14 196418
15 514229
16 1346269
17 3524578
18 9227465
19 24157817
20 63245986
21 165580141
22 433494437
23 1134903170
24 2971215073
25 7778742049
26 20365011074
27 53316291173
28 139583862445
29 365435296162
30 956722026041
31 2504730781961
32 6557470319842
33 17167680177565
34 44945570212853
35 117669030460994
36 308061521170129
37 806515533049393
38 2111485077978050
39 5527939700884757
40 14472334024676221
41 37889062373143906
42 99194853094755497
43 259695496911122585
44 679891637638612258
45 1779979416004714189
46 4660046610375530309
47 12200160415121876738
48 31940434634990099905
49 83621143489848422977
50 218922995834555169026
51 573147844013817084101
52 1500520536206896083277
53 3928413764606871165730
54 10284720757613717413913
55 26925748508234281076009
56 70492524767089125814114
57 184551825793033096366333
58 483162952612010163284885
59 1264937032042997393488322
60 3311648143516982017180081
61 8670007398507948658051921
62 22698374052006863956975682
63 59425114757512643212875125
64 155576970220531065681649693
65 407305795904080553832073954
66 1066340417491710595814572169
67 2791715456571051233611642553
68 7308805952221443105020355490
69 19134702400093278081449423917
70 50095301248058391139327916261
71 131151201344081895336534324866
72 343358302784187294870275058337
73 898923707008479989274290850145
74 2353412818241252672952597492098
75 6161314747715278029583501626149
76 16130531424904581415797907386349
77 42230279526998466217810220532898
78 110560307156090817237632754212345
79 289450641941273985495088042104137
80 757791618667731139247631372100066
81 1983924214061919432247806074196061
82 5193981023518027157495786850488117
83 13598018856492162040239554477268290
84 35600075545958458963222876581316753
85 93202207781383214849429075266681969
86 244006547798191185585064349218729154
87 638817435613190341905763972389505493
88 1672445759041379840132227567949787325
89 4378519841510949178490918731459856482
90 11463113765491467695340528626429782121
91 30010821454963453907530667147829489881
92 78569350599398894027251472817058687522
93 205697230343233228174223751303346572685
94 538522340430300790495419781092981030533
95 1409869790947669143312035591975596518914
96 3691087032412706639440686994833808526209
97 9663391306290450775010025392525829059713
98 25299086886458645685589389182743678652930
99 66233869353085486281758142155705206899077
100 173402521172797813159685037284371942044301
