# n h_k(n); proved recurrence, not an assigned OEIS b-file
0 1
1 2
2 4
3 6
4 8
5 12
6 20
7 32
8 48
9 72
10 112
11 176
12 272
13 416
14 640
15 992
16 1536
17 2368
18 3648
19 5632
20 8704
21 13440
22 20736
23 32000
24 49408
25 76288
26 117760
27 181760
28 280576
29 433152
30 668672
31 1032192
32 1593344
33 2459648
34 3796992
35 5861376
36 9048064
37 13967360
38 21561344
39 33284096
40 51380224
41 79314944
42 122437632
43 189005824
44 291766272
45 450396160
46 695271424
47 1073283072
48 1656815616
49 2557607936
50 3948150784
51 6094716928
52 9408348160
53 14523564032
54 22419865600
55 34609299456
56 53425995776
57 82473123840
58 127312855040
59 196531453952
60 303383445504
61 468329693184
62 722955403264
63 1116018311168
64 1722785202176
65 2659444588544
66 4105355395072
67 6337392017408
68 9782962421760
69 15101851598848
70 23312562388992
71 35987346423808
72 55553271267328
73 85756974465024
74 132382099243008
75 204356792090624
76 315463334625280
77 486977283555328
78 751741482041344
79 1160455066222592
80 1791381735473152
81 2765336302583808
82 4268819266666496
83 6589729399111680
84 10172492870057984
85 15703165475225600
86 24240804008558592
87 37420262806781952
88 57765248546897920
89 89171579497349120
90 137653187514466304
91 212493713128030208
92 328024210221826048
93 506367369216524288
94 781673744245456896
95 1206661170501517312
96 1862709590945169408
97 2875444329378217984
98 4438791817869131776
99 6852114158872166400
100 10577533340762505216
101 16328421999518941184
102 25206005635257204736
103 38910233953001537536
104 60065300634526547968
105 92722144633564430336
106 143134155904078839808
107 220954623810081914880
108 341085225079135010816
109 526529514346263871488
110 812797826154421551104
111 1254707073774585380864
112 1936877523932855402496
113 2989936552625383145472
114 4615532204934226247680
115 7124946352483397009408
116 10998701400349107814400
117 16978574505599874105344
118 26209638915468326600704
119 40459531620435120619520
120 62456934421133336248320
121 96414083432333084459008
122 148833361263269737660416
123 229752424504139978899456
124 354666293346406651396096
125 547494460211072820314112
126 845161182737612295634944
127 1304666031745892253433856
128 2013998618438705556226048
129 3108987538860851196854272
130 4799309904336075788124160
131 7408641967827860294991872
132 11436639204705271407443968
133 17654614282426973801152512
134 27253234091099125377400832
135 42070518026754845967384576
136 64943796436165388782272512
137 100253025001019336384577536
138 154759493183217587139379200
139 238900529236727279074148352
140 368788122109058056638693376
141 569294172111096729407848448
142 878813158477531903686606848
143 1356614216950986461834903552
144 2094190461169102575112290304
145 3232778805391296033927987200
146 4990405122346359841301200896
147 7703633556248332764971008000
148 11892014478586537915195588608
149 18357572089369129983051563008
150 28338382334061849665653964800
151 43745649446558515195595980800
152 67529678403731591025987158016
153 104244822582469850992090284032
154 160921587250593550323398213632
155 248412886143710580714590175232
156 383472242951173762766564491264
157 591961888116113464750745059328
158 913805062617300565397541486592
159 1410630834904721726826721837056
160 2177575320807069252359850819584
161 3361499097039296181861340938240
162 5189109222273897312656423911424
163 8010370892083340766309867585536
164 12365521533697479271029569224704
165 19088519727776071634752251101184
166 29466738172323866260065098924032
167 45487479956490547792684834095104
168 70218523023885506334743972544512
169 108395562479437649604248474746880
170 167329038824085382124378672594944
171 258303998737066477709748340785152
172 398741044784837490379236285874176
173 615532169743712789587733235367936
174 950190247391883553836490580557824
175 1466798244866016509255987262128128
176 2264280334435691490014459833876480
177 3495344673923117069189926304612352
178 5395725168706884176862907465728000
179 8329321658438917195374881989984256
180 12857882327310300175403801657737216
181 19848571675156534313783654266961920
182 30640022012570302667509469198417920
183 47298665329448137058259233178386432
184 73014429984068737409066836493860864
185 112711573334381806036634145027784704
186 173991617359522411371653083424620544
187 268588948018418685488171549781393408
188 414617807986556160306305222769115136
189 640040954655319772379573512824684544
190 988024189374364595122879679673925632
191 1525202085411201966099222779236712448
192 2354437701384314286711833224774942720
193 3634519610694953831470980250424311808
194 5610567989443683021716739609772163072
195 8660972160266086953915185168245587968
196 13369847563034715527338851617795473408
197 20638886784424623190280812118644097024
198 31860022763311989233714291338188423168
199 49181967083844163141544661674679599104
200 75921662209913594196222364910270545920
