# n h_k(n); proved recurrence, not an assigned OEIS b-file
0 1
1 2
2 4
3 8
4 16
5 32
6 62
7 120
8 232
9 448
10 864
11 1668
12 3220
13 6216
14 12000
15 23168
16 44728
17 86352
18 166712
19 321856
20 621376
21 1199632
22 2316016
23 4471312
24 8632336
25 16665632
26 32174752
27 62116736
28 119922880
29 231523712
30 446980832
31 862943424
32 1666002880
33 3216393472
34 6209585280
35 11988256320
36 23144587456
37 44683056000
38 86265330816
39 166544278016
40 321531213952
41 620749765632
42 1198422594176
43 2313680638720
44 4466803383040
45 8623632894208
46 16648828685056
47 32142311713024
48 62054107336960
49 119801969185280
50 231290279348224
51 446530167114752
52 862073368173568
53 1664323145099264
54 3213150566501888
55 6203324512677888
56 11976169249822720
57 23121252097527808
58 44638004641204224
59 86178354439603200
60 166376360986854400
61 321207032499419136
62 620123899303428096
63 1197214293519503360
64 2311347887442208768
65 4462299761789915136
66 8614938180554700800
67 16632042627501383680
68 32109904466570616832
69 61991541745295822848
70 119681179741896232960
71 231057082646262894592
72 446079956398632423424
73 861204189119126380544
74 1662645103680802349056
75 3209910931368403877888
76 6197070056928074432512
77 11964094366351409807360
78 23097940267261831700480
79 44592998705400311463936
80 86091465755425419870208
81 166208613259731498631168
82 320883177900616326512640
83 619498663999411809239040
84 1196007211122546658951168
85 2309017488145043101089792
86 4457800681281474044657664
87 8606252233281178433552384
88 16615273494364765901651968
89 32077529894483262103879680
90 61929039234921531323482112
91 119560512083570200759828480
92 230824121063140992741867520
93 445630199604114810547535872
94 860335886407992628690616320
95 1660968754135108718942027776
96 3206674562572920099011362816
97 6190821907186698614058647552
98 11952031657291449592505958400
99 23074651940975143548725755904
100 44548038146496054916948688896
101 86004664676116487073758707712
102 166041034663005417117422845952
103 320559649825801332277951070208
104 618874059084235276643462545408
105 1194801345757428730550479224832
106 2306689438455616596787338412032
107 4453306136937455333487348547584
108 8597575043549318836653640646656
109 16598521268581769784576258342912
110 32045187963817152661338483326976
111 61866599742237929590203248279552
112 119439966087512181707006476288000
113 230591394361800636407680368377856
114 445180896273536370919515501363200
115 859468459156601976085506552758272
116 1659294094756362398313283575611392
117 3203441456822176292392960695205888
118 6184580057095775675384573606232064
119 11939981110368079881745476946493440
120 23051387094970028553158971790196736
121 44503122918740536261862389534687232
122 85917951113349444735565424830185472
123 165873625026151690705147623838318592
124 320236447945758772997573440996114432
125 618250083922313648652319892304822272
126 1193596696197086281887232949120663552
127 2304363736004954746827059827650330624
128 4448816124184305001714955257284395008
129 8588906602529395838845058880253198336
130 16581785933105681926380624857888980992
131 32012878641661818586291423602146279424
132 61804223203707900242703193447233224704
133 119319541631057099975630596035198320640
134 230358902305424018277000984824459034624
135 444732045949695464378930837693646503936
136 858601906482278655438040077898778411008
137 1657621123840465147563256616107382931456
138 3200211610826231895660658427038835671040
139 6178344500303729954718576076499149914112
140 11927942713318917017233292447259924889600
141 23028145705572667652348366414109585965056
142 44458252976428962320446299751801962889216
143 85831324978886391144697795881741020299264
144 165706384178817786171279756464561412112384
145 319913571931605198217530080187601274273792
146 617626737878702895164830012441503226396672
147 1192393261215693200993464158207621698945024
148 2302040378426471544338425324155365283069952
149 4444330638453080298623686727145089782513664
150 8580246901400585773154872806844099840704512
151 16565067470906976152415145749180395777163264
152 31980601895139971693173023206828554609229824
153 61741909555858386699656124081761622050209792
154 119199238591663555890741725357543795101532160
155 230126644657432100832421078555689570086682624
156 444283648175851420906321611226706548300447744
157 857736227503236850731127467538116778936762368
158 1655949839685036871449288733326367422991564800
159 3196985021298463404516406264101170499880484864
160 6172115230465389719149453821806049449790668800
161 11915916453893940798151106578270064943153807360
162 23004927749133110736652601443917309425034985472
163 44413428273902621431868880356258117561960366080
164 85744786184578389797603525650966628970142892032
165 165539311950822926965940956186523500040465416192
166 319591021454788751773878606860118969094204555264
167 617004020319099163670754223988943449224646754304
168 1191191039588659305951075890153205282175442747392
169 2299719363355967075170682489716993541534520442880
170 4439849675179445076004690118362873340928395837440
171 8571595931350958502393504935378555743749313396736
172 16548365864973296180993258636499462527237742395392
173 31948357691407472077425873940670401388573892804608
174 61679658735280328616412534682213226258429630218240
175 119079056846913701231157054107134692918071509647360
176 229894621181484375609536478580238021030501184176128
177 443835702495724075861873449758234228494025510354944
178 856871421338579799930881668908126579265378719891456
179 1654280240589413886783790016333167508791045964955648
180 3193761684955561028338090993816492084262808171053056
181 6165892241241980707919423138686777512300756993048576
182 11903902319855482015334172335017562609674465333739520
183 22981733202025252582530328231735340517806224248406016
184 44368648765548836991354839768620599176561114006683648
185 85658334642365379699601077582274549202178703601172480
186 165372408172157920040039490874808527548281509558353920
187 319268796187088837465249483356955484901815602435325952
188 616381930609838133796106654920475413987367687041318912
189 1189990030092629098774564286767180310657225594566082560
190 2297400688431625112132636097907052721263216009943187456
191 4435373229803665143584395369229037485834226407972012032
192 8562953683577468452318370753493781056961384630190080000
193 16531681098309438311975027163860522255751665091168174080
194 31916145997653294693993139064027634718163614367286820864
195 61617470678628597361270134505775524615115247903819431936
196 118958996274513114659636750468907079701088475011581214720
197 229662831641478622701805550169284672259922633578726293504
198 443388208453493305684297787517835862122264706235496398848
199 856007487108298898604559351235337499319705513918755504128
200 1652612324854647191874564711587179218845507760764445786112
