# n h_k(n); proved recurrence, not an assigned OEIS b-file
0 1
1 2
2 4
3 8
4 16
5 32
6 64
7 128
8 256
9 512
10 1022
11 2040
12 4072
13 8128
14 16224
15 32384
16 64640
17 129024
18 257536
19 514052
20 1026068
21 2048072
22 4088032
23 8159872
24 16287424
25 32510336
26 64891904
27 129526784
28 258540536
29 516057040
30 1030070072
31 2056060224
32 4103976768
33 8191698432
34 16350951040
35 32637138944
36 65145008128
37 130031988752
38 259548944496
39 518069862928
40 1034087745552
41 2064079658016
42 4119983872704
43 8223649240192
44 16414726104576
45 32764436470784
46 65399098980320
47 130539164049152
48 260561286261440
49 520090536757632
50 1038121089690336
51 2072130370951296
52 4136053411167616
53 8255724668606464
54 16478749916480512
55 32892230507941952
56 65654180885746240
57 131048317527067904
58 261577576553143424
59 522119092000421440
60 1042170165438320960
61 2080212484796209280
62 4152185627077540864
63 8287925203659333632
64 16543023446135744384
65 33020522991515880192
66 65910257709749117056
67 131559456901446083072
68 262597830771997610112
69 524155559397119421184
70 1046235034155523065728
71 2088326122026483468288
72 4168380764899803351040
73 8320251333314653880576
74 16607547667538547489536
75 33149315865640628505344
76 66167333332897863078656
77 132072589918054623103232
78 263622064378859002584320
79 526199969808201197879552
80 1050315757440660474953984
81 2096471405595574310142464
82 4184639070054318919225856
83 8352703547440190051233792
84 16672323558484175940435968
85 33278611082033837411725312
86 66425411650897361303401472
87 132587724352873113847840768
88 264650292894887543305091072
89 528252354214510168056033280
90 1054412397132710508441689600
91 2104648458936503527665212416
92 4200960788918235313066408960
93 8385282337814382654354413568
94 16737352100581665985766248448
95 33408410600025604923749144576
96 66684496574647258342409410560
97 133104868012210487825904320512
98 265682531901781730402306756608
99 530312743717727060123842200576
100 1058525015311846534209237355520
101 2112857405963729604847672317952
102 4217346168829666915012768626688
103 8417988198133799263362713583616
104 16802634279268710648849461374976
105 33538716386588177990861602217984
106 66944592030301229522756214616064
107 133624028732823316560359624359936
108 266718797042014742461276177831936
109 532381169540841245974381565353984
110 1062653674300378725807486260783104
111 2121098371075025576994642328948736
112 4233795458091442889292584767983616
113 8450821624020615955814196040384512
114 16868171083826592976944367799083008
115 33669530416365759850824946373369856
116 67205701959326475527574685927251968
117 134145214382034568203347538747559936
118 267759104019071483399668866720075776
119 534457663028623891839671524049293312
120 1066798436663698489976968735962255360
121 2129371479153364145329341587046440960
122 4250308905974869944525639951548080128
123 8483783113030127935009019559578763264
124 16933963507395177536270277962008952832
125 33800854671704433641187056444910141440
126 67467830318563451097022567184179666944
127 134668432857852828363652491712414302208
128 268803468597686551910424978110170169344
129 536542255648102954624575361796514414592
130 1070959365211226577938445977890860457984
131 2137676855568810144278499359052717637632
132 4266886762723509772576031958889373908992
133 8516873164658289445949541400973887438848
134 17000012546987960379689249244981972500480
135 33932691142682202724466827468485405949952
136 67730981080285826694400395087914342629376
137 135193692089091985941707245203033173524480
138 269851906604083139077986189638693658558464
139 538634978989040030909344638045198625030144
140 1075136522997364894686009169328073535700992
141 2146014626180420390115423273456473758859264
142 4283529279556971220884099528028778490658816
143 8550092280349283099900719640369540811194368
144 17066319203507177715111884124292074755489792
145 34065041827139148182283901113345291637620736
146 67995158232260684046073188526460345613451264
147 135721000035491385785873819164049370256834560
148 270904433926212857788084921431285730580725760
149 540735864764409065848616513800005711340109824
150 1079329973322452020706374199391754622233903104
151 2154384917338150939751211046274364635004207104
152 4300236708674717255744388852324047745367343104
153 8583440963503118722258355375680250422846095360
154 17132884481758973503582366717382394411927928832
155 34197908730707703935437154859938558715904196608
156 68260365777808946467394708458601939382521626624
157 136250364687836449990784994712669406044395470848
158 271961066513996507565448926240601372127272173568
159 542844944810876929221182337110019246432756760576
160 1083539779733722460604275000526273272839972913152
161 2162787855884771788576563645440447179459219554304
162 4317009303259886774220099357834181953563481604096
163 8616919719483261838877550692984959619148799541248
164 17199709390468626216891391809684806909689646546944
165 34331293866843049948718868512172287058046058233856
166 68526607735866044890390956451836439182768368779264
167 136781794068079769665632585040617014433370984153088
168 273021820379565778487953703259495193118130999132160
169 544962251089285865913141221192157878183447565959168
170 1087766006026269633170337865094487408553656638636032
171 2171223569157789036369388658764187347559104753172480
172 4333847317483131322609462414858073139787038870470656
173 8650529055624291916462897147482746584992996046929920
174 17266794942295834985462139341560518209689279270486016
175 34465199256853623981040934507241708115129113919881216
176 68793888141042820512531385757305855079757022609014784
177 137315296229462669007418129278173953802144525188071424
178 274086711597505897839985883520482582234158417242488832
179 547087815685137828145457373753160505407576416339623936
180 1092008716244012617484516645918981610937141936450174976
181 2179692184991374550396553144325775450289828004665753600
182 4350751006506466779605399419186301553689244094978588672
183 8684269481239590473072800353984447564129095623510065152
184 17334142153850065368154443117637532748447311577721339904
185 34599626929931752343245905332774937202965367338064412672
186 69062211043686664989502037178508138208485959670970712064
187 137850879256637243521338938848531659160107891557832589312
188 275155756305099223182066934716597962473868947117470908416
189 549221670809080696785455750888864282736678763194720714752
190 1096267974680666669705087428780914977794652154253010272256
191 2188193831718303154951757165012108903382505476325394874368
192 4367720626487140062516579528154621514744131249593726795776
193 8718141507629059175242995770781936859119626067279031042048
194 17401752045705954976535808617133598909330216023037375938560
195 34734578923184400127779104970575731416649390861408939278336
196 69331580509942899098494536137811415791395537859044154802176
197 138388551265788874237667616283886698976163553606969032966144
198 276228970702569785528128454935428865311801487581783566319616
199 551363848797396399110417646515073629233487028381450553524224
200 1100543845880717525250341953557684870615798350118756337844224
