0 [0.021434818006000724209427875011678177, 0.021455478612485316040289894087080655] 0.021160125732421875
256 [3.7874853274001159850325389544542418, 3.8572438689122362449546254821733885] 3.7145514488220215
512 [3.2825017468803786507350683363142365, 3.4657223431909731244774212339076255] 7.415226459503174
768 [2.4431230965995167798148227009637318, 2.6891143544000819227067282373171926] 11.111501216888428
1024 [2.200324449770027748783779812228025, 2.4661916855798682194033622639806845] 14.688607454299927
1280 [2.1514909513160408001360019089248745, 2.4227917844832815146588962609606641] 18.352154970169067
1536 [2.1458469176752980556865548574300859, 2.4198257533399650026253175360166325] 22.102619171142578
1792 [2.148109861048338736663265837016716, 2.4230805345527483142580515358850329] 25.83530020713806
RESULT 2048 [2.148710226926796756397661371493759, 2.423911766794793944536818666505863] minx 59.08024372978362 time 29.441431522369385
CERTIFIED: 214/100 < J < 243/100
