elapsed 2.6594788289999087
31 64 ratio 1.7688900182303307 AA 0.991739499359272 0.8954435383764463
32 64 ratio 0.8381115905790798 AA 1.0191556343200578 0.9253223254460351
33 64 ratio 1.905779324070475 AA 1.0524118057157679 0.9824604298460384
127 256 ratio 5.525027202305224 AA 0.9675395489152343 0.9813219270031012
128 256 ratio 0.9343273121167657 AA 0.8837461509064738 0.9419837803764436
129 256 ratio 5.479638690937081 AA 1.0083130586248115 1.0276600722716418
511 64 ratio 5.758452099465944 AA 0.9917250344117153 0.9733557564070142
512 64 ratio 0.9998007331456301 AA 1.0297104318232149 0.9535993111990311
513 64 ratio 5.5457377509089945 AA 1.0325994562871468 1.0006866590245884
capacity 1 64 4.073800027981633e-05
capacity 16 256 0.0002451310001561069
capacity 128 1024 0.002791496000099869
capacity 128 16384 0.027651198000057775
