128
-10.99807376741845105920968891280061588761918482860224473 0.004943190563212994140337214639875949197513988985119178902
-10.98985205975113484513186533451893812249349560774747363 0.01150393947274383657244136760117682230919571763317976159
-10.97506573488065421870373187682469319552492333585123181 0.01806753320535932492669963154277873204235623328798285694
-10.9537203438847930555057733058260105841998206636271133 0.02462117274058880617984259699987493544133854916714153643
-10.92582824190234228833780943194590817583050135315388915 0.03116026618603790204814308111500965188253751625026047834
-10.89140600340907821671723347019166768785042485964669023 0.03768078645001237351771563126146487132503832431762198207
-10.85047416997044829758359071164536195590526631285707314 0.04417880482112506544513777834933409593047616236654145156
-10.80305719279290389627242192880764318794860692151250558 0.05065042682373250630119596178313157336104675651104475415
-10.74918340610298125881911869175649253450291261258327982 0.05709178015943963225577843848334401444752388527371240677
-10.68888500621850238994772196201546218636427721067928491 0.06349901297152268448268079388674403376785896332553198817
-10.6221980307516179551041192924768482301126285626699496 0.06986829477877907665935760608854422070805187205266583886
-10.54916233639069920908810404970437586941601711108527518 0.07619581823588694919769337396361652802456304734604792771
-10.46982157475390824839575931751151775278984719967746183 0.0824778011819820155643915895731718131393829982663443861
-10.38422316613242200333222559690541501118696641262594606 0.08871048879534663770221458567649257165288050269947978083
-10.29241827105708013361439430281561150144825688369450217 0.0948901557847842467547672816016528360973513453906786785
-10.1944617596684262766808696999205025830604004096616467 0.1010131085882696176792661805726935155230118080449717041
-10.09041217889056590740131938156382133915223991950769426 0.1070756875650748644990309270291479519764922452856248103
-9.980331717419324953136345422380580239163223767349189494 0.1130742691741537284653687435902390647835567785088157553
-9.864286168540740028250921373886506261275072697554945765 0.119005268134533838724256109052157886134306677080858136
-9.742344890799369391491216669856799916087502347748563138 0.1248651395648845836260983529779104058117198651427700649
-9.614580766538349785649597503220960333526744555953428405 0.1306503811001430753348021761813602812034956321582577304
-9.481070158335033066496954987545812279321786921653855758 0.1363575349834601526570390101705601852122735359824360065
-9.341892863357658660799601418984376608023669179777110541 0.1419831901319408194248711740425001153885596864999253604
-9.197132065669975318285628407953000465456097475589279166 0.1475239841747796554593784677778169477325453040734631959
-9.046874286512082267110536044419984957229279535672322381 0.1529766054624718376871680813516693993616480023758289831
-8.891209332587050261316064734395590164340273387865093402 0.1583377950458353079450628120938959452068662162728553945
-8.730230242384126192676662413631874555755710110774191153 0.1636043486236204567762404837208501523020067705462421079
-8.564033230570531635355434733692146551271051417724141132 0.1687731184575165849458993911558042455644985093074464978
-8.392717630485041950577460578349636032926840070687713046 0.1738410152533928154486219485611939997528285134713832723
-8.216385834767681792868706635779376834337860472334657383 0.1788050100076370575682320212476380754961655913277541707
-8.035143234160996871189106372498836394295509827229135208 0.1836621358174812504800065874917874509088828987949824718
-7.849098154519461546782459043339392642477303289774285737 0.1884094896542251451374908638073108746694896458456434415
-7.658361792064657656235952626612823127055400883012091908 0.1930442340982947511357761819781332425097828697868338845
-7.463048146924911853045312223752201440921337270008245727 0.1975635990350955453421662027746511793273999020229629635
-7.263273954999106573165415182697680292682617269458107245 0.201964883310644775434182200904352306068582047991623933
-7.05915861818538312868877407795046940421755841548792918 0.2062454563459917951601150332122906862990963835989852492
-6.850824133016434018376935585051064691551044139388831527 0.2104027597094604003517038483462450425709176390390749577
-6.638395017744034866239305172838425841243673417913008234 0.2144343086457726310532411054933705764374521633469090224
-6.421998237916393985050427430122895939496818371780900139 0.2183376935611394844193885459136419014426334236085127597
-6.201763130492798923058738472289166197510433835604902624 0.2221105814634304529874047424673018627873209661627691834
-5.97782132654091399788612989889286860994274940905002417 0.2257507173565607637551346456697728945340615527351910747
-5.750306672562930262993427334454211176093697550355426578 0.2292559255882626402494234326518828581145506201980086216
-5.519355150497589107185669226763227333080606187335300557 0.2326241111504348339072148869843707985660035723059485392
-5.285104796445892284441032773381460314705764871372417467 0.235853260931293061508230392658182975152195956130463491
-5.04769561816907414993998043464977433292885289454459188 0.2389414449185728291278705354437495488974084162300826162
-4.807269511408145792307472377589877406137733748368733217 0.2418868173530654057753431725907688230670931906767978299
-4.563970175075025170415012671705574786140625379907562285 0.2446876178317974161509204696791781240103975099951273927
-4.317943025365941870092130080345322442253686441707432149 0.2473421723601946355900706433464666170720684605727882939
-4.069335108848449292782509152844120592476235098426729153 0.2498488943526010744068389951522384612312254653267315812
-3.81829501457399059268779049168597673607637291676438675 0.2522062855805553161245208593025353924819783113598363428
-3.564972785268547127015775070842014022252099532926258828 0.2544129370682573066722769264304472045033884011490794703
-3.309519827654449229338695039576873134536186256082060749 0.2564675299346903613465723840007808981402420993593014085
-3.052088821956948430868547974840248385777471469813034479 0.2583688361818950446832780060996604021258248344074300469
-2.792833630649637529411797961452211392883799847175671345 0.2601157194289237665801653153315290324278819074241816141
-2.531909206493259850520852349329399700150465796798342443 0.2617071355910374070265878087395405893032092073506060791
-2.269471499922871388694638119107486192878496970563725953 0.2631421335037380123969544969877907807722703400445275693
-2.005677365838709006514208323468555348554662976124161861 0.2644198554912645790134604850160164794664906650669855952
-1.740684469856474273972229973534127647934980747735582411 0.2655395378792121349748831927951285768564693722003984398
-1.474651194073065636293328489868759171633766223901312121 0.2665005114509677293210263928596488762874477037017004257
-1.207736542404081213402721341412958357927039013473148952 0.2673022018476905185578686700022699187297687829273057641
-0.9401000455496704850014783790627406031400284930975635629 0.2679441299115968843859537227091436571261561549844088835
-0.6719016656455352491416572587455030956365055134011958781 0.2684259119723454030262778866362309185968829211945450955
-0.4033017006560684266323688366839376116865787748534526276 0.2687472600763504956033341757150447233212291681058589713
-0.1344606885667734061785733163414729504147456857287850951 0.2689079821588877003245843787168855054171064474024107897
0.1344606885667734061785733163414729504147456857287850951 0.2689079821588877003245843787168855054171064474024107897
0.4033017006560684266323688366839376116865787748534526276 0.2687472600763504956033341757150447233212291681058589713
0.6719016656455352491416572587455030956365055134011958781 0.2684259119723454030262778866362309185968829211945450955
0.9401000455496704850014783790627406031400284930975635629 0.2679441299115968843859537227091436571261561549844088835
1.207736542404081213402721341412958357927039013473148952 0.2673022018476905185578686700022699187297687829273057641
1.474651194073065636293328489868759171633766223901312121 0.2665005114509677293210263928596488762874477037017004257
1.740684469856474273972229973534127647934980747735582411 0.2655395378792121349748831927951285768564693722003984398
2.005677365838709006514208323468555348554662976124161861 0.2644198554912645790134604850160164794664906650669855952
2.269471499922871388694638119107486192878496970563725953 0.2631421335037380123969544969877907807722703400445275693
2.531909206493259850520852349329399700150465796798342443 0.2617071355910374070265878087395405893032092073506060791
2.792833630649637529411797961452211392883799847175671345 0.2601157194289237665801653153315290324278819074241816141
3.052088821956948430868547974840248385777471469813034479 0.2583688361818950446832780060996604021258248344074300469
3.309519827654449229338695039576873134536186256082060749 0.2564675299346903613465723840007808981402420993593014085
3.564972785268547127015775070842014022252099532926258828 0.2544129370682573066722769264304472045033884011490794703
3.81829501457399059268779049168597673607637291676438675 0.2522062855805553161245208593025353924819783113598363428
4.069335108848449292782509152844120592476235098426729153 0.2498488943526010744068389951522384612312254653267315812
4.317943025365941870092130080345322442253686441707432149 0.2473421723601946355900706433464666170720684605727882939
4.563970175075025170415012671705574786140625379907562285 0.2446876178317974161509204696791781240103975099951273927
4.807269511408145792307472377589877406137733748368733217 0.2418868173530654057753431725907688230670931906767978299
5.04769561816907414993998043464977433292885289454459188 0.2389414449185728291278705354437495488974084162300826162
5.285104796445892284441032773381460314705764871372417467 0.235853260931293061508230392658182975152195956130463491
5.519355150497589107185669226763227333080606187335300557 0.2326241111504348339072148869843707985660035723059485392
5.750306672562930262993427334454211176093697550355426578 0.2292559255882626402494234326518828581145506201980086216
5.97782132654091399788612989889286860994274940905002417 0.2257507173565607637551346456697728945340615527351910747
6.201763130492798923058738472289166197510433835604902624 0.2221105814634304529874047424673018627873209661627691834
6.421998237916393985050427430122895939496818371780900139 0.2183376935611394844193885459136419014426334236085127597
6.638395017744034866239305172838425841243673417913008234 0.2144343086457726310532411054933705764374521633469090224
6.850824133016434018376935585051064691551044139388831527 0.2104027597094604003517038483462450425709176390390749577
7.05915861818538312868877407795046940421755841548792918 0.2062454563459917951601150332122906862990963835989852492
7.263273954999106573165415182697680292682617269458107245 0.201964883310644775434182200904352306068582047991623933
7.463048146924911853045312223752201440921337270008245727 0.1975635990350955453421662027746511793273999020229629635
7.658361792064657656235952626612823127055400883012091908 0.1930442340982947511357761819781332425097828697868338845
7.849098154519461546782459043339392642477303289774285737 0.1884094896542251451374908638073108746694896458456434415
8.035143234160996871189106372498836394295509827229135208 0.1836621358174812504800065874917874509088828987949824718
8.216385834767681792868706635779376834337860472334657383 0.1788050100076370575682320212476380754961655913277541707
8.392717630485041950577460578349636032926840070687713046 0.1738410152533928154486219485611939997528285134713832723
8.564033230570531635355434733692146551271051417724141132 0.1687731184575165849458993911558042455644985093074464978
8.730230242384126192676662413631874555755710110774191153 0.1636043486236204567762404837208501523020067705462421079
8.891209332587050261316064734395590164340273387865093402 0.1583377950458353079450628120938959452068662162728553945
9.046874286512082267110536044419984957229279535672322381 0.1529766054624718376871680813516693993616480023758289831
9.197132065669975318285628407953000465456097475589279166 0.1475239841747796554593784677778169477325453040734631959
9.341892863357658660799601418984376608023669179777110541 0.1419831901319408194248711740425001153885596864999253604
9.481070158335033066496954987545812279321786921653855758 0.1363575349834601526570390101705601852122735359824360065
9.614580766538349785649597503220960333526744555953428405 0.1306503811001430753348021761813602812034956321582577304
9.742344890799369391491216669856799916087502347748563138 0.1248651395648845836260983529779104058117198651427700649
9.864286168540740028250921373886506261275072697554945765 0.119005268134533838724256109052157886134306677080858136
9.980331717419324953136345422380580239163223767349189494 0.1130742691741537284653687435902390647835567785088157553
10.09041217889056590740131938156382133915223991950769426 0.1070756875650748644990309270291479519764922452856248103
10.1944617596684262766808696999205025830604004096616467 0.1010131085882696176792661805726935155230118080449717041
10.29241827105708013361439430281561150144825688369450217 0.0948901557847842467547672816016528360973513453906786785
10.38422316613242200333222559690541501118696641262594606 0.08871048879534663770221458567649257165288050269947978083
10.46982157475390824839575931751151775278984719967746183 0.0824778011819820155643915895731718131393829982663443861
10.54916233639069920908810404970437586941601711108527518 0.07619581823588694919769337396361652802456304734604792771
10.6221980307516179551041192924768482301126285626699496 0.06986829477877907665935760608854422070805187205266583886
10.68888500621850238994772196201546218636427721067928491 0.06349901297152268448268079388674403376785896332553198817
10.74918340610298125881911869175649253450291261258327982 0.05709178015943963225577843848334401444752388527371240677
10.80305719279290389627242192880764318794860692151250558 0.05065042682373250630119596178313157336104675651104475415
10.85047416997044829758359071164536195590526631285707314 0.04417880482112506544513777834933409593047616236654145156
10.89140600340907821671723347019166768785042485964669023 0.03768078645001237351771563126146487132503832431762198207
10.92582824190234228833780943194590817583050135315388915 0.03116026618603790204814308111500965188253751625026047834
10.9537203438847930555057733058260105841998206636271133 0.02462117274058880617984259699987493544133854916714153643
10.97506573488065421870373187682469319552492333585123181 0.01806753320535932492669963154277873204235623328798285694
10.98985205975113484513186533451893812249349560774747363 0.01150393947274383657244136760117682230919571763317976159
10.99807376741845105920968891280061588761918482860224473 0.004943190563212994140337214639875949197513988985119178902
