96
-10.99658454271553843510459116362802071209700009005708191 0.008764712721072136723819578466379256359241956151095611309
-10.98200813449499845496564383479391299726353553819301919 0.02039356867841613905569517885983301647029117213904895707
-10.95580027285930219715438993367292260569142815130077037 0.03201804999728441049251679788340797510721886270957754721
-10.91798290356138887029081527471761254964617576709278525 0.04361009772289155341106757344161625865460372715152479906
-10.86859538962586179428839049660296314005511060675563776 0.055156230172202694617172144659339883214815237212692479
-10.80768989919316145191750415070802929739473394399790805 0.06664400054659557851648416234901996766535966330291672537
-10.73533092043650113097861137666067900118243250055727164 0.07806117870269251796058576893357731128249309235162905707
-10.65159511309590633391025303088016164231908672903974352 0.08939564618268635139120670478641531507669236352921968639
-10.55657120593616793230074828473208215306083203118329791 0.1006353835386172529584306293172872137909368216824656362
-10.45035989562881399331708843288249836590690904957542135 0.1117684758850925733334640064920790573388333044715050426
-10.33307373728030738625043117374776740190794961755051877 0.1227831230982234845033459021141827547195035976439584001
-10.20483702394539560061159519966201025596360734271573557 0.1336676513819715159869948801033397733460770823563702229
-10.06578565432987881626472912765463696295784060796050965 0.1444105252365772990077003359285901978865326924430847508
-9.916066988474375754511559670406555216249585177145296572 0.1550003594954634700744778719710030347023136614082261838
-9.755839691426624576625651767331647747151919095442531465 0.1654259312969443180646390274430730812112331736769992161
-9.585273565002261531611522409423469861955185008397765506 0.1756761919281852051867810247064235616709063098027053258
-9.40454936778061601009065666882926186707075633028599024 0.1857402785066968969552529466754811931785957553289168202
-9.213858623510058336437330984411621426774289274628019129 0.1956075254764978692137564913467811767028916389869743002
-9.013403418117248430928995866469258386488819413219731891 0.2052674759015261412367243448434544097055845688021004393
-8.803396185530548989516757583684604515381011329690631699 0.214709892541595246510937423093251551366447691151107019
-8.5840594825417653936396490147824952282220171957949593 0.2239247686976665705476973695899877577627586650934698944
-8.355625752943122485732674852315837774387605527856025156 0.2329023388141042888644125391010407084437867401100988721
-8.118337081188401461362823042061468157526916764478490463 0.2416330888261878411423202548171845987518585205484794132
-7.872444935838643888476585628633873408273379675637191276 0.250107766241623114014826261752393149912703570609091921
-7.618209903063887174786703468000668153995061821847410385 0.2583173899451884182645952593437383905024215470043122725
-7.355901410483077693478129283300516079269396830028752337 0.2662532597160116041049407165994474284481574073253572069
-7.085797441634638174782535850696317185334091244834585933 0.2739069654473197131722039895516601009904586447368448525
-6.808184241380154274250062156866490771245167347235554767 0.2812703960588429764867688473796009470597406016364691305
-6.523356012553292887519113305481340344909623512614110004 0.2883357480923965530480376036090967791776659704236201011
-6.231614604175368852446752145918088955417508660437799009 0.2950955339815093841786240158557231045185499289543761782
-5.933269191567931798494828570581167019919836920052837664 0.3015425899863216710576319623800039776843025718199477478
-5.628635948701344409440607199717397335743892133938570491 0.3076700837853316788380043424792475862938043647545544785
-5.318037713126559957452461703002847810183767798049317988 0.3134715217159392421015946424038616502666702818693137491
-5.00180364384517309499243762894938594304407827472277736 0.3189407556561076019694665940764973036051705100938315117
-4.680268872480305999013011239269977392962686017848243434 0.3240719895398469656747996540114429417678477245477429543
-4.353774148117994636135002674486805756834017132814580331 0.3288597854996122458282688337384006659417727967772260884
-4.02266547619544998533985153395020494954306193942675275 0.3332990696291035317349764062715100547734955823944927955
-3.687293751818879648779581872861915394057958168222234912 0.3373851373603606391565171339182470389966623003115669994
-3.348014387899459883263227572247236499662948301045225317 0.3411136584494522116557475796769590052883245002075053453
-3.005186938501540556359993712970212738930023949330647066 0.3444806815654749139406269338656944099328132406753504673
-2.659174717802240135607250941146904373427140446663048632 0.3474826384779988541382282078696057613753791830832402094
-2.310344415066239239631319042835253526586531203554758616 0.3501163478385210718822911387408547884767998877417161708
-1.959065706043804630353428876941406664058271633144339566 0.3523790185519192953995287521723227929395393710064982419
-1.605710861203866361880180666776591065217398907762548381 0.35426825273433275735533826012955770354309572726953406
-1.250654351217325130023289049557608886880220879735142571 0.3557820482543352127165232271183759747091105918996650405
-0.8942724501086811489391838927222814465612437604283110904 0.3569188008547069630041406729373044416671099883060175422
-0.5369428364965470422315402468740256278904623828163593638 0.357677305852557195859260405925561901359039260468389906
-0.179044193345632665370480200647622989182504791274807083 0.35805675941599482866157560127014304636038814802916863
0.179044193345632665370480200647622989182504791274807083 0.35805675941599482866157560127014304636038814802916863
0.5369428364965470422315402468740256278904623828163593638 0.357677305852557195859260405925561901359039260468389906
0.8942724501086811489391838927222814465612437604283110904 0.3569188008547069630041406729373044416671099883060175422
1.250654351217325130023289049557608886880220879735142571 0.3557820482543352127165232271183759747091105918996650405
1.605710861203866361880180666776591065217398907762548381 0.35426825273433275735533826012955770354309572726953406
1.959065706043804630353428876941406664058271633144339566 0.3523790185519192953995287521723227929395393710064982419
2.310344415066239239631319042835253526586531203554758616 0.3501163478385210718822911387408547884767998877417161708
2.659174717802240135607250941146904373427140446663048632 0.3474826384779988541382282078696057613753791830832402094
3.005186938501540556359993712970212738930023949330647066 0.3444806815654749139406269338656944099328132406753504673
3.348014387899459883263227572247236499662948301045225317 0.3411136584494522116557475796769590052883245002075053453
3.687293751818879648779581872861915394057958168222234912 0.3373851373603606391565171339182470389966623003115669994
4.02266547619544998533985153395020494954306193942675275 0.3332990696291035317349764062715100547734955823944927955
4.353774148117994636135002674486805756834017132814580331 0.3288597854996122458282688337384006659417727967772260884
4.680268872480305999013011239269977392962686017848243434 0.3240719895398469656747996540114429417678477245477429543
5.00180364384517309499243762894938594304407827472277736 0.3189407556561076019694665940764973036051705100938315117
5.318037713126559957452461703002847810183767798049317988 0.3134715217159392421015946424038616502666702818693137491
5.628635948701344409440607199717397335743892133938570491 0.3076700837853316788380043424792475862938043647545544785
5.933269191567931798494828570581167019919836920052837664 0.3015425899863216710576319623800039776843025718199477478
6.231614604175368852446752145918088955417508660437799009 0.2950955339815093841786240158557231045185499289543761782
6.523356012553292887519113305481340344909623512614110004 0.2883357480923965530480376036090967791776659704236201011
6.808184241380154274250062156866490771245167347235554767 0.2812703960588429764867688473796009470597406016364691305
7.085797441634638174782535850696317185334091244834585933 0.2739069654473197131722039895516601009904586447368448525
7.355901410483077693478129283300516079269396830028752337 0.2662532597160116041049407165994474284481574073253572069
7.618209903063887174786703468000668153995061821847410385 0.2583173899451884182645952593437383905024215470043122725
7.872444935838643888476585628633873408273379675637191276 0.250107766241623114014826261752393149912703570609091921
8.118337081188401461362823042061468157526916764478490463 0.2416330888261878411423202548171845987518585205484794132
8.355625752943122485732674852315837774387605527856025156 0.2329023388141042888644125391010407084437867401100988721
8.5840594825417653936396490147824952282220171957949593 0.2239247686976665705476973695899877577627586650934698944
8.803396185530548989516757583684604515381011329690631699 0.214709892541595246510937423093251551366447691151107019
9.013403418117248430928995866469258386488819413219731891 0.2052674759015261412367243448434544097055845688021004393
9.213858623510058336437330984411621426774289274628019129 0.1956075254764978692137564913467811767028916389869743002
9.40454936778061601009065666882926186707075633028599024 0.1857402785066968969552529466754811931785957553289168202
9.585273565002261531611522409423469861955185008397765506 0.1756761919281852051867810247064235616709063098027053258
9.755839691426624576625651767331647747151919095442531465 0.1654259312969443180646390274430730812112331736769992161
9.916066988474375754511559670406555216249585177145296572 0.1550003594954634700744778719710030347023136614082261838
10.06578565432987881626472912765463696295784060796050965 0.1444105252365772990077003359285901978865326924430847508
10.20483702394539560061159519966201025596360734271573557 0.1336676513819715159869948801033397733460770823563702229
10.33307373728030738625043117374776740190794961755051877 0.1227831230982234845033459021141827547195035976439584001
10.45035989562881399331708843288249836590690904957542135 0.1117684758850925733334640064920790573388333044715050426
10.55657120593616793230074828473208215306083203118329791 0.1006353835386172529584306293172872137909368216824656362
10.65159511309590633391025303088016164231908672903974352 0.08939564618268635139120670478641531507669236352921968639
10.73533092043650113097861137666067900118243250055727164 0.07806117870269251796058576893357731128249309235162905707
10.80768989919316145191750415070802929739473394399790805 0.06664400054659557851648416234901996766535966330291672537
10.86859538962586179428839049660296314005511060675563776 0.055156230172202694617172144659339883214815237212692479
10.91798290356138887029081527471761254964617576709278525 0.04361009772289155341106757344161625865460372715152479906
10.95580027285930219715438993367292260569142815130077037 0.03201804999728441049251679788340797510721886270957754721
10.98200813449499845496564383479391299726353553819301919 0.02039356867841613905569517885983301647029117213904895707
10.99658454271553843510459116362802071209700009005708191 0.008764712721072136723819578466379256359241956151095611309
