[[47,46,46,46,46,46,46,46,46,46,46,46,46,46,46,46,46,46,46,46,46,46,46,46,46,46,46,46,46,46,46,46,46,46,46,46,46,46,46,46,46,46,46,46,46,46,46],
[2,10,0,0,9,9,9,0,0,0,0,0,0,0,0,0,0,0,0,0,0,0,0,0,0,0,0,0,0,0,0,0,0,0,0,0,0,0,0,0,0,0,0,0,0,0,0],
[2,0,8,7,0,0,0,0,0,0,0,0,0,0,0,0,0,0,0,0,0,0,0,0,0,0,0,0,0,0,0,0,0,0,0,0,0,0,0,0,0,0,0,0,0,0,0],
[2,4,0,2,2,2,2,2,2,2,2,2,2,2,2,2,2,2,2,2,2,2,2,2,2,2,2,2,2,2,2,2,2,2,2,2,2,2,2,2,2,2,2,2,2,2,2],
[2,0,2,2,3,1,2,2,2,3,1,3,1,3,1,3,1,3,1,3,1,3,1,3,1,3,1,3,1,3,1,3,1,3,1,3,1,3,1,2,2,2,3,1,2,2,2],
[3,0,4,2,1,3,2,2,2,1,3,1,3,1,3,1,3,1,3,1,3,1,3,1,3,1,3,1,3,1,3,1,3,1,3,1,3,1,3,2,2,2,1,3,2,2,2],
[2,0,6,2,2,2,2,2,2,2,2,2,2,2,2,2,2,2,2,2,2,2,2,2,2,2,2,2,2,2,2,2,2,2,2,2,2,2,2,2,2,2,2,2,2,2,2],
[2,5,5,5,0,0,5,11,9,9,9,9,9,9,9,9,9,9,9,9,9,9,9,9,9,9,9,9,9,9,9,9,9,9,9,9,9,9,9,9,9,0,9,9,9,9,9],
[2,7,5,5,0,0,5,9,11,9,9,9,9,9,9,9,9,9,9,9,9,9,9,9,9,9,9,9,9,9,9,9,9,9,9,9,9,9,9,9,9,0,9,9,9,9,9],
[1,4,6,7,10,10,5,8,10,11,11,9,9,10,10,10,10,10,10,10,10,10,10,10,10,10,10,10,10,10,10,10,10,10,10,10,10,10,10,10,10,10,1,1,3,2,0],
[2,4,6,7,9,11,5,10,8,9,11,9,11,9,11,9,11,9,11,9,11,9,11,9,11,9,11,9,11,9,11,9,11,9,11,9,11,9,11,10,10,10,0,2,3,2,0],
[2,4,6,7,10,10,5,10,8,10,10,11,11,9,9,10,10,10,10,10,10,10,10,10,10,10,10,10,10,10,10,10,10,10,10,10,10,10,10,10,10,10,1,1,3,2,0],
[3,4,6,7,9,11,5,10,8,8,10,10,12,9,11,9,11,9,11,9,11,9,11,9,11,9,11,9,11,9,11,9,11,9,11,9,11,9,11,10,10,10,0,2,3,2,0],
[2,0,2,3,1,1,10,10,10,10,10,10,10,11,11,10,10,10,10,10,10,9,9,10,10,10,10,10,10,10,10,10,10,10,10,10,10,10,10,8,10,5,10,10,7,6,4],
[3,0,2,3,0,2,10,10,10,9,11,9,11,10,12,9,11,8,10,9,11,9,11,9,11,9,11,9,11,9,11,9,11,9,11,9,11,9,11,8,10,5,9,11,7,6,4],
[2,0,2,3,1,1,10,10,10,10,10,10,10,10,10,11,11,10,10,9,9,10,10,10,10,10,10,10,10,10,10,10,10,10,10,10,10,10,10,8,10,5,10,10,7,6,4],
[3,0,2,3,0,2,10,10,10,9,11,9,11,9,11,10,12,8,10,9,11,9,11,9,11,9,11,9,11,9,11,9,11,9,11,9,11,9,11,10,8,5,9,11,7,6,4],
[2,4,6,7,10,10,5,10,8,9,9,10,10,10,10,10,10,11,11,10,10,10,10,10,10,10,10,10,10,10,10,10,10,10,10,10,10,10,10,10,10,10,1,1,3,2,0],
[3,0,2,3,0,2,10,10,10,9,11,9,11,9,11,8,10,10,12,9,11,9,11,9,11,9,11,9,11,9,11,9,11,9,11,9,11,9,11,10,8,5,9,11,7,6,4],
[2,0,2,3,1,1,10,10,10,10,10,10,10,10,10,9,9,10,10,11,11,10,10,10,10,10,10,10,10,10,10,10,10,10,10,10,10,10,10,10,8,5,10,10,7,6,4],
[3,0,2,3,0,2,10,10,10,9,11,9,11,9,11,8,10,9,11,10,12,9,11,9,11,9,11,9,11,9,11,9,11,9,11,9,11,9,11,10,8,5,9,11,7,6,4],
[2,0,2,3,1,1,10,10,10,10,10,10,10,10,10,10,10,10,10,10,10,11,11,9,9,10,10,10,10,10,10,10,10,10,10,10,10,10,10,8,10,5,10,10,7,6,4],
[3,0,2,3,0,2,10,10,10,9,11,9,11,9,11,9,11,9,11,9,11,9,11,9,11,9,11,9,11,9,11,9,11,9,11,9,11,9,11,10,8,5,9,11,7,6,4],
[2,0,2,3,1,1,10,10,10,10,10,10,10,10,10,10,10,10,10,10,10,10,10,11,11,9,9,10,10,10,10,10,10,10,10,10,10,10,10,10,8,5,10,10,7,6,4],
[3,0,2,3,0,2,10,10,10,9,11,9,11,9,11,9,11,9,11,9,11,8,10,10,12,9,11,9,11,9,11,9,11,9,11,9,11,9,11,10,8,5,9,11,7,6,4],
[2,4,6,7,10,10,5,8,10,9,9,10,10,10,10,10,10,10,10,10,10,10,10,10,10,11,11,10,10,10,10,10,10,10,10,10,10,10,10,10,10,10,1,1,3,2,0],
[3,0,2,3,0,2,10,10,10,9,11,9,11,9,11,9,11,9,11,9,11,9,11,9,11,10,12,8,10,9,11,9,11,9,11,9,11,9,11,10,8,5,9,11,7,6,4],
[2,0,2,3,1,1,10,10,10,10,10,10,10,10,10,10,10,10,10,10,10,10,10,10,10,10,10,11,11,9,9,10,10,10,10,10,10,10,10,10,8,5,10,10,7,6,4],
[3,0,0,0,0,0,0,0,0,0,0,0,0,0,0,0,0,0,0,0,0,0,0,0,0,0,0,0,0,0,0,0,0,0,0,0,0,0,0,0,0,0,0,0,0,0,0],
[2,4,6,7,10,10,5,8,10,10,10,10,10,10,10,10,10,10,10,10,10,10,10,10,10,10,10,10,10,11,11,9,9,10,10,10,10,10,10,10,10,10,1,1,3,2,0],
[3,4,6,7,9,11,5,10,8,9,11,9,11,9,11,9,11,9,11,9,11,9,11,9,11,9,11,9,11,10,12,9,11,9,11,8,10,9,11,10,10,10,0,2,3,2,0],
[2,4,6,7,10,10,5,8,10,10,10,10,10,10,10,10,10,10,10,10,10,10,10,10,10,10,10,10,10,10,10,11,11,9,9,10,10,10,10,10,10,10,1,1,3,2,0],
[3,4,6,7,9,11,5,10,8,9,11,9,11,9,11,9,11,9,11,9,11,9,11,9,11,9,11,9,11,9,11,9,11,9,11,9,11,9,11,10,10,10,0,2,3,2,0],
[2,0,2,3,1,1,10,10,10,10,10,9,9,10,10,10,10,10,10,10,10,10,10,10,10,10,10,10,10,10,10,10,10,11,11,10,10,10,10,8,10,5,10,10,7,6,4],
[3,4,6,7,9,11,5,10,8,9,11,9,11,9,11,9,11,9,11,9,11,9,11,9,11,9,11,9,11,9,11,8,10,10,12,9,11,9,11,10,10,10,0,2,3,2,0],
[2,0,2,3,1,1,10,10,10,10,10,10,10,9,9,10,10,10,10,10,10,10,10,10,10,10,10,10,10,10,10,10,10,10,10,11,11,10,10,8,10,5,10,10,7,6,4],
[3,4,6,7,9,11,5,8,10,9,11,9,11,9,11,9,11,9,11,9,11,9,11,9,11,9,11,9,11,9,11,9,11,9,11,10,12,8,10,10,10,10,0,2,3,2,0],
[2,4,6,7,10,10,5,8,10,10,10,10,10,10,10,10,10,10,10,10,10,10,10,10,10,10,10,10,10,10,10,10,10,10,10,9,9,11,11,10,10,10,1,1,3,2,0],
[3,4,6,7,9,11,5,10,8,9,11,9,11,9,11,9,11,9,11,9,11,9,11,9,11,9,11,9,11,9,11,9,11,9,11,8,10,10,12,10,10,10,0,2,3,2,0],
[2,9,9,9,9,9,0,9,9,9,9,9,9,9,9,9,9,9,9,9,9,9,9,9,9,9,9,9,9,9,9,9,9,9,9,9,9,9,9,11,9,5,0,0,5,5,5],
[2,9,9,9,9,9,0,9,9,9,9,9,9,9,9,9,9,9,9,9,9,9,9,9,9,9,9,9,9,9,9,9,9,9,9,9,9,9,9,9,11,5,0,0,5,5,7],
[2,2,2,2,2,2,2,2,2,2,2,2,2,2,2,2,2,2,2,2,2,2,2,2,2,2,2,2,2,2,2,2,2,2,2,2,2,2,2,2,2,2,2,2,2,6,0],
[2,2,2,2,3,1,2,2,2,3,1,3,1,3,1,3,1,3,1,3,1,3,1,3,1,3,1,3,1,3,1,3,1,3,1,3,1,3,1,2,2,2,3,1,2,2,0],
[3,2,2,2,1,3,2,2,2,1,3,1,3,1,3,1,3,1,3,1,3,1,3,1,3,1,3,1,3,1,3,1,3,1,3,1,3,1,3,2,2,2,1,3,2,4,0],
[2,2,2,2,2,2,2,2,2,2,2,2,2,2,2,2,2,2,2,2,2,2,2,2,2,2,2,2,2,2,2,2,2,2,2,2,2,2,2,2,2,2,2,2,2,0,4],
[2,0,0,0,0,0,0,0,0,0,0,0,0,0,0,0,0,0,0,0,0,0,0,0,0,0,0,0,0,0,0,0,0,0,0,0,0,0,0,0,0,0,0,0,7,8,0],
[2,0,0,0,0,0,0,0,0,0,0,0,0,0,0,0,0,0,0,0,0,0,0,0,0,0,0,0,0,0,0,0,0,0,0,0,0,0,0,0,0,9,9,9,0,0,10]]
