# Independently computed terms; not an OEIS-submitted b-file.
# n numerator of det[1/(3(i+j)+1)] for 0<=i,j<=n
0 1
1 9
2 729
3 4782969
4 282429536481
5 150094635296999121
6 6461081889226673298932241
7 2503155504993241601315571986085849
8 8727963568087712425891397479476727340041449
9 22185312344622607535965183080365494317672538611578408721
10 507528786056415600719754159741696356908742250191663887263627442114881
11 104495676331778315966103878903450701989608781073244439950619431748912396904023371769
12 1742693381014614361631744253876750131626600682858921288089186323970185832803443622626158010427690561
13 261568927457882874608733211757582315090892217214195250256575658313972901281170319830426649720495049350373165676996881
14 353340834946363345257473017597911079933781446508208388719162940497886257062411267034976578524965264261618554821962433800999907190674409
15 38662196978715633273404758790074316960214213096178319621856934259807530937321861485192508542873470637501160980081794035970219670238407078788135931371782481
16 38073406599130282633302067666032427269922015946622636459308909561177390001581582920262302805018319570744656114541293547202282156965623588674248874969447672917156048910966957761
17 337442246692460873729619524555277276324874811251523734887024411601981068068569074999959930908091229817296234213947297740426257325438951675936528420448424043771766177934700541429747258445159552054969
18 2180241988764618251352447788447973624738608041889466363394078898330492574337852897156631260564320738986096297724889387659520644602302000115126321920264783732866421809908146970697382651239712295318944620117117486485038355529
19 126780498249647572006884144885170471304489016861879438617760751383229084323232338257117700598826138594153330162501779530073312173213845425140567243580938604038739769427385468006506866897314769910412165745223337576718744062067606378331982456148394401
20 66350273672982482434306891576157631672689672925812719816425261384529414930593927318955908046569318750032887032063251514730545423930897589175580509482961477591637132783061926910520117393240456588418004008136860862595161557813923710281149781340349753455564872656712827265393921
21 2812664952875311166517606953755665064219382448844790570638352576069230715767725299562773466458556890873979973973744554151934652474803991827298653036095123461439231227196192790717918139101881185042497725068882044251379247204054314079366064178650410673666069483087549218522875740996972783183948402685971121
22 1073089126732417560423604670169214270819021626308538122204251117260246637076453712547665257964764481377436365249200627172100203803885808951563653415014174249162266037360862386888815887912246729033831058160217347645867651043709864053867645767879504581410337281621136301273115915786023554868554880176353370639774692528959480020546294889
23 3684648772192923613430224670699460881633650394017230404648791903926607970214937715774009138484265465992801555613440359867470576990291590634596308784454006482256107291820998098281608604322311782490842208616333004295201432239088497452057112146521708653032218696554043080647207150680428896510431827409676483697657854278358358041155685552674152385045589536827514984809
24 1024805428675700593287532318462421153521073042483874845373560598495648781750697755524897628626466579884648706893373133126120364455880624086214023591365260136263401650022839437238025490849174632070106917692879555278572548959333554942793203189927669778796100454074273642882238637345658973119008514339788962151916762803935518297560299675186517385382399532311035441160170097986715522061893477178318649
25 2565247350336538756158496029089399488342665074148586598191338322780709497564665831661451831933344895389619261270654023564506356253988331756965350599112541694997814930496466779507741289971109725554444907690651495042175769213189807845030495164348486442317181026874535610643331227069289920564720047434146322527875184136842319748464686354974891958289182069083961091717150518771893164820785391432554475730404353788016234328048391698001
26 57790917239978102632256205681208657797695143289975626010601468196134056967662170791963725865409773298249768068523762078717664412328148991110219893626746295971458702064848002016747056522947240965332495189402048773953246397881318325208320275760320139917322979603097332056032234102253394462919397527880837380461238320117310807010728354303343978242879365197981433225888594882024776193175219460046142825709823051165690812657222437350822979427333705214063427609809190641
27 8542007828022506298797685466657225210283436423868569333942116854761733112969531159487925748014878028932598361100432070378989831620982078276611085996107818978911653950359229589714551010081337258270972732554912297906749282699814415839813491649519960343511208839547879343262944601804462947058117140203927401249159430438359966461711407849913682387769343391041663082607459066522850680902425571468083158814349040615925361726867835095495198965863822411609604451648265166289860318671280899194607908886446952241
28 11363257601173675459310453007974759380653713771493695119164240948270066843661872654070951600169015077837841704082746241976992093577580243789754860196833370562915903665474986809059017326239061256829203174999578876331736429857994442113303936699415407550535292184272070346650675976896914003706019794024631640353902661685930267569859142262167076271836447495226122971268816191621437924963496486053492688779857751967185940214040774135623668415373844783461832108823919816975906154060613343287042985964368266963706810835576481886446627228683631864569
29 136046774153415106090185329712221946934288993195162618436576965839905590817358745136402897062935529673585285433803249398558127856908042058315233669556908377741484277428879973728009219812844836542772187514816427690160981905616928342154003824801107875688723379287325629850159159288380793055701028758113418562565810488339882783616014913541676694613101093708815658188829780680320041806960863459420655730836601976416402100988754207309157876815063580530699571784942986958974730243414132927620658425985013959370808162745515448805658798377056290879773577351371271263208671870902506822516489
30 131934587596318231259076399183826366968185916602993582761404966798395682072385966650131277335570247963781101881338520962575417700370585240255303929991210669085868849100807285534408029750705667092067312690508612208601109884632084344253985430033804759431525684780949976403722382690967331337961098700229589607899567544261463118449040382381636764515743979452856482049080506978604772900249083187671419808023626535383511225127106275222764674685445010622241198902648895313930975775435871945722757920414290263252726058587618855785497888959961444790105249003279194357144605689540832960927785105475591524176026160859822990266193994729
