# m G_m, exact exponents, indices 1..256; no OEIS identifier assigned
1 1
2 2
3 2
4 2
5 4
6 6
7 8
8 26
9 16
10 78
11 32
12 186
13 64
14 414
15 128
16 938
17 256
18 2158
19 512
20 4890
21 1024
22 10814
23 2048
24 23562
25 4096
26 51086
27 8192
28 110458
29 16384
30 237662
31 32768
32 508266
33 65536
34 1081518
35 131072
36 2293210
37 262144
38 4848766
39 524288
40 10223818
41 1048576
42 21497806
43 2097152
44 45090362
45 4194304
46 94369438
47 8388608
48 197126698
49 16777216
50 411041006
51 33554432
52 855648410
53 67108864
54 1778396862
55 134217728
56 3690978698
57 268435456
58 7650377742
59 536870912
60 15837676794
61 1073741824
62 32749176030
63 2147483648
64 67645815530
65 4294967296
66 139586416942
67 8589934592
68 287762627418
69 17179869184
70 592705345790
71 34359738368
72 1219770933834
73 68719476736
74 2508261404750
75 137438953472
76 5153960815546
77 274877906944
78 10582798469918
79 549755813888
80 21715353580458
81 1099511627776
82 44530221751662
83 2199023255552
84 91259468068378
85 4398046511104
86 186916978031422
87 8796093022208
88 382630041849610
89 17592186044416
90 782852271741070
91 35184372088832
92 1600888932039290
93 70368744177664
94 3272146620729694
95 140737488355328
96 6685030709351530
97 281474976710656
98 13651536350003630
99 562949953421312
100 27866022648944858
101 1125899906842624
102 56857945291068798
103 2251799813685248
104 115967690491126730
105 4503599627370496
106 236438980532254926
107 9007199254740992
108 481885160051274042
109 18014398509481984
110 981784718498791326
111 36028797018963968
112 1999598234439261482
113 72057594037927936
114 4071254063565643246
115 144115188075855872
116 8286623315010904986
117 288230376151711744
118 16861477004678899646
119 576460752303423488
120 34299414760559075466
121 1152921504606846976
122 69751751027612094734
123 2305843009213693952
124 141809345068529274874
125 4611686018427387904
126 288230376155803135454
127 9223372036854775808
128 585684124340595461610
129 18446744073709551616
130 1189814992746400494126
131 36893488147419103232
132 2416523473647451280986
133 73786976294838206464
134 4906833923613971919358
135 147573952589676412928
136 9961241799827389023562
137 295147905179352825856
138 20217631504795437343054
139 590295810358705651712
140 41025558819891349264058
141 1180591620717411303424
142 83231709260519265817630
143 2361183241434822606848
144 168824601762608972375722
145 4722366482869645213696
146 342371570008184896126574
147 9444732965739290427392
148 694187872981935152574746
149 18889465931478580854784
150 1407265211894980343575614
151 37778931862957161709568
152 2852309355652897166643722
153 75557863725914323419136
154 5780176575032425059346830
155 151115727451828646838272
156 11711468877517436532606330
157 302231454903657293676544
158 23725169209937855320683102
159 604462909807314587353088
160 48054801329680834656364394
161 1208925819614629174706176
162 97318528478975457991492270
163 2417851639229258349412352
164 197054908597183714981163994
165 4835703278458516698824704
166 398945520472831168301805182
167 9671406556917033397649408
168 807562447502577510344378058
169 19342813113834066795298816
170 1634467708118976784545868238
171 38685626227668133590597632
172 3307621042465613119057910842
173 77371252455336267181195264
174 6692613337386578527548967070
175 154742504910672534362390528
176 13539969179683862778961121322
177 309485009821345068724781056
178 27389423369189071771643920110
179 618970019642690137449562112
180 55397816758020768446732705434
181 1237940039285380274899124224
182 112033573555326849644366045374
183 2475880078570760549798248448
184 226543027189224522782541243274
185 4951760157141521099596496896
186 458037814535590764656686866958
187 9903520314283042199192993792
188 925979149385464643616552803066
189 19807040628566084398385987584
190 1871765339399495047751461902046
191 39614081257132168796771975168
192 3783144760056121796211693936874
193 79228162514264337593543950336
194 7645517682626508109688989365038
195 158456325028528675187087900672
196 15449491690281546010413127856474
197 316912650057057350374175801344
198 31215896030620150127704377658110
199 633825300114114700748351602688
200 63065617361354413480964930611274
201 1267650600228229401496703205376
202 127398885322937053375226495832654
203 2535301200456458802993406410752
204 257333071846330565515630682096058
205 5070602400912917605986812821504
206 519736746093574054575832598224158
207 10141204801825835211973625643008
208 1049614696988973950377854675261866
209 20282409603651670423947251286016
210 2119511803581599565316703612559214
211 40564819207303340847894502572032
212 4279588426370502453589917032098842
213 81129638414606681695789005144064
214 8640306491155611582710144352251198
215 162259276829213363391578010288128
216 17442872259140436558429157388883210
217 324518553658426726783156020576256
218 35210263071939299885589718906616462
219 649037107316853453566312041152512
220 71069563251195453207459416614473850
221 1298074214633706907132624082305024
222 143437200717024613220868627854793566
223 2596148429267413814265248164610048
224 289470549863316640189392340897561194
225 5192296858534827628530496329220096
226 584133396585168108143070674060624814
227 10384593717069655257060992658440192
228 1178651386887405871812178162669244122
229 20769187434139310514121985316880384
230 2378071961208951054135943140672358270
231 41538374868278621028243970633760768
232 4797682297286180728759643438216358346
233 83076749736557242056487941267521536
234 9678441344308918699040358343904139982
235 166153499473114484112975882535043072
236 19523036188090951882739249724071462714
237 332306998946228968225951765070086144
238 39378379375128132735320841314533347742
239 664613997892457936451903530140172288
240 79421372748148723407618861953070924586
241 1329227995784915872903807060280344576
242 160171973492082362685434026557645578222
243 2658455991569831745807614120560689152
244 323002402975734557112917611239347116442
245 5316911983139663491615228241121378304
246 651321717934608777719107403540864113086
247 10633823966279326983230456482242756608
248 1313277259835496882430618328378028942986
249 21267647932558653966460912964485513216
250 2647822167603552418833556728892504355598
251 42535295865117307932921825928971026432
252 5338179631072222145587548313257824773626
253 85070591730234615865843651857942052864
254 10761429853874678907016734989573514723294
255 170141183460469231731687303715884105728
256 21693000891209827045765925934975146603498
