# n a_n; exact trace sequence, indices 0..128
0 2
1 1
2 -3
3 -5
4 1
5 11
6 9
7 -13
8 -31
9 -5
10 57
11 67
12 -47
13 -181
14 -87
15 275
16 449
17 -101
18 -999
19 -797
20 1201
21 2795
22 393
23 -5197
24 -5983
25 4411
26 16377
27 7555
28 -25199
29 -40309
30 10089
31 90707
32 70529
33 -110885
34 -251943
35 -30173
36 473713
37 534059
38 -413367
39 -1481485
40 -654751
41 2308219
42 3617721
43 -998717
44 -8234159
45 -6236725
46 10231593
47 22705043
48 2241857
49 -43168229
50 -47651943
51 38684515
52 133988401
53 56619371
54 -211357431
55 -324596173
56 98118689
57 747311035
58 551073657
59 -943548413
60 -2045695727
61 -158598901
62 3932792553
63 4249990355
64 -3615594751
65 -12115575461
66 -4884385959
67 19346764963
68 29115536881
69 -9577993045
70 -67809066807
71 -48653080717
72 86965052897
73 184271214331
74 10341108537
75 -358201320125
76 -378883537199
77 337519103051
78 1095286177449
79 420247971347
80 -1770324383551
81 -2610820326245
82 929828440857
83 6151469093347
84 4291812211633
85 -8011125975061
86 -16594750398327
87 -572498448205
88 32617002348449
89 33761999244859
90 -31472005452039
91 -98996003941757
92 -36051993037679
93 161940014845835
94 234044000921193
95 -89836028770477
96 -557924030612863
97 -378251973071909
98 737596088153817
99 1494100034297635
100 18907857990001
101 -2969292210605269
102 -3007107926585271
103 2931476494625267
104 8945692347795809
105 3082739358545275
106 -14808645337046343
107 -20974124054136893
108 8643166619955793
109 50591414728229579
110 33305081488317993
111 -67877747968141165
112 -134487910944777151
113 1267584991505179
114 270243406881059481
115 267708236898049123
116 -272778576864069839
117 -808195050660168085
118 -262637896932028407
119 1353752204388307763
120 1879027998252364577
121 -828476410524250949
122 -4586532407028980103
123 -2929579585980478205
124 6243485228077482001
125 12102644400038438411
126 -384326056116525591
127 -24589614856193402413
128 -23820962743960351231
