c | T | exact Hasse failures | kappa(c) | N/T^(2/3)
1 | 1000 | 103 | 1.438466349761 | 1.030000000000
1 | 10000 | 540 | 1.438466349761 | 1.163394732617
1 | 100000 | 2692 | 1.438466349761 | 1.249515714009
2 | 1000 | 121 | 1.812354033629 | 1.210000000000
2 | 10000 | 653 | 1.812354033629 | 1.406845852591
2 | 100000 | 3304 | 1.812354033629 | 1.533580950626
3 | 1000 | 134 | 2.074627474844 | 1.340000000000
3 | 10000 | 727 | 2.074627474844 | 1.566274019653
3 | 100000 | 3730 | 2.074627474844 | 1.731312634938
4 | 1000 | 282 | 4.566845993663 | 2.820000000000
4 | 10000 | 1576 | 4.566845993663 | 3.395389071490
4 | 100000 | 8118 | 4.566845993663 | 3.768041815127
8 | 1000 | 330 | 5.753865399044 | 3.300000000000
8 | 10000 | 1903 | 5.753865399044 | 4.099889215131
8 | 100000 | 9975 | 5.753865399044 | 4.629984861529
