0 1
1 1
2 2
3 5
4 15
5 52
6 200
7 830
8 3654
9 16869
10 80963
11 401300
12 2043610
13 10649335
14 56604706
15 306101789
16 1680515427
17 9350151066
18 52644525981
19 299573440044
20 1721096279910
21 9973780332100
22 58253436956769
23 342680286785978
24 2029076119114543
25 12086940652059449
26 72399752724599414
27 435890087610236506
28 2636770099872919852
29 16020496164559636439
30 97736288523080912951
31 598539052331478045584
32 3678559076553918697252
33 22683668574751135080796
34 140316785476095554507832
35 870532411650296424159370
36 5415821625451210536191635
37 33781513408821095256295857
38 211235038045964681344819616
39 1323934877239401809714068864
40 8316244609141869552108745563
41 52347750419545184058911920780
42 330166291221812533913055906518
43 2086356296978809818891362339298
44 13207643905616884979615994426654
45 83754118462375313289988423446471
46 531981150547524612123332945953684
47 3384255546464954768698989388745565
48 21561379880044784015951380996515432
49 137565023642359290206150739750271665
50 878882691992321042721512512747300204
51 5622379538458864302205307225966312067
52 36012412477288095164462544581874959426
53 230943055142272177298905864708874550191
54 1482713811235865396601949994860264756604
55 9529931442113915414100973144585885033403
56 61317383520372262737426291657381723700369
57 394931017017657960129806149168643902463346
58 2546161838499980462293566287736122663331524
59 16430929073010772584586497876536537989313911
60 106129137926767205717805994300479933735254849
61 686103069281343584661408703842921317882135081
62 4439282926481137455354088544408746784670067175
63 28746979565474752531617458081542397230011201919
64 186301080060951842119857406704952167264468286553
65 1208288641315158325877015376918982316470599442861
66 7842366654307550669850692256601841763361815584582
67 50937098504269661732688406123891578210243880866193
68 331071532140525064253931937767880646336597337097049
69 2153279837863092974955738654755569757369071870936357
70 14013962887598194588564826134985813939231765427155136
71 91262963311249972023985950794865360584907517112962149
72 594693136692998779451357441420976336273457573347299655
73 3877466439606977444521402309629426084721358193020020425
74 25296024608381049488827582539812371111007587422967673192
75 165119466413688739640258089800277388210747818628250776783
76 1078397877837741026098462122624292863046579886326724586838
77 7046732416898890321737389357932980297341150162006465627161
78 46069985878700648366784719388152473329940829558900990560630
79 301344808826945247819391415372470614543218022094404311447724
80 1972053651421592213963737721337084155233967118950637503916104
81 12911520447708497107476448840195781168567700729635082947197179
82 84573478372870380826848210177461552682088248301296595252165505
83 554222110303835990369265507202912468157757128688363713057668861
84 3633467311212263563033142187814302810554658877802882959914865318
85 23830958909705726542209114623916064303979514054665991477348807102
86 156365128547395649345992248712293362147182171514608376709493456316
87 1026388724542127027073504071932462079633130742443959625259424755141
88 6739893450224056473390904536497981122389924602129345299726486446759
89 44275059452111613779648365912737293856120991211692931699741061062364
90 290955224432138685787597759247512366373589765219201529658351789603473
91 1912714346303553197946926553604205009637673666518805224410807171749883
92 12578452664322375247993286677404326773704636710033402255736017231740228
93 82747294671068471073869896372182653592179861034219841447992352762831399
94 544535656796906759176078170483516212050862462511785507896348990921420368
95 3584605376052683435609267971286474254488816233841743118811371834907459847
96 23604542012374143360826044939519639652788766487672474116900204073987920801
97 155484034303801003020788209861081126346628928813639760422135706016015582482
98 1024492823233425863230283329953498063122968761197553690847015391523873572988
99 6752458753130446025826007122565904461866055811035740119548052369681404723628
100 44518647060349217351716436517414501206898034434691995079103181897250330022345
101 293593315181092680362878389737258577680721049706035636967544778518721841127123
102 1936742285051062869735677038984296645158798585588053407042010063611473192367729
103 12779572780151112516495538660364350066284608858504151321024490924911587735576926
104 84348450743675517643426873022305943078722968855423507937938552672774577094356309
105 556867254132899431220402549467330510249618354956625211767214937179869443953543164
106 3677372668712107278673867145150960097611361628867062033295196292703374378582299160
107 24290288319961438952656676157098113261001956285450179236392150382342781798618606528
108 160485018520203280816373940006501334687594632746280941948799053481584736954054128275
109 1060573886803933771457682792196384601263494159669428295140386015212280198870694511194
110 7010513637864025790752156639277312759061451027894500396566585868672378637931889032664
111 46351004850013717416450437192838919601686772515794258240878806210711469045429074034656
112 306525680911124301974778488971604514902104357716812699887395429405826738190762930593122
113 2027547430273485965473041849304321704109836761714061436562015299211974085907477086794087
114 13414352859289217521643982887113893810320588761127507748629554172657842857260865125991355
115 88768960162757309000031951052040395393861169355376154187077702615304541878470231099524126
116 587548130580390546600025654557341184662922366305210845257652858586156242774701751652701608
117 3889689467773224642760082706559596340641039154471144316720967460106049951041184512532564894
118 25755731135100984110871565538824664020119560913835733100647569374029923942645989990868856738
119 170576286015186231805945374145510753178447538077201638091503564255471778491252110815048917560
120 1129919852357029058865044585964196350229435003676491960189620877848410489037715457372901563346
121 7486162921165505823071026536173990147978378119050040775825858685952928445147709551055522156160
122 49608036537333049332334039006139058794980675281043520789527623038034228828612338840654480244505
123 328794427607948809644098854543441767430701481198001522402464883554329833983483006257162538585294
124 2179591281241622367584220625848704341559028669270953587068770630806260112499194490897456176457349
125 14451152111692620477986204464645801950813677371363645678491658052535197817658360759844108984692749
126 95830843250996589045866789530841514414477948553379917734650795453327855723485819422053832946438159
127 635597585141694862159844672710036383915988200375243092859791601698220396224245309356158138874210516
128 4216304396303456092192123530012469975124228700806772456338838698621466312489463333562422696440864025
129 27973911520027357609276412677614744174549283905332375655090404591150694707609716974586655442730189578
130 185628527636833061062706252649086910191884799498263177862159902035661205753802713625060760938407184149
131 1231984714502303438030688355694338896381379743102378976868674968707638927548743980275596490356207334446
132 8177749780263029728807352772550366569343592519829171749359765290007195040581911552001099585221454874258
133 54291153231288195114507086382895182435548055229318536754902663725620929502464920287604105195542270175720
134 360487279911224940239390746795807446630303007380276331325342225288456347860326869775857411210071252223276
135 2393951556727738462680285135457725964788940565778272006776068719924697124849386915971470419187731444975564
136 15900260432645908344522641574222973108545234341902940383129369750137336703576089389746815643037288524657305
137 105622280822400949935321301181518456303684634534505232011622492202201080167141885707268141589074140983207901
138 701727102766878800192555854258530535067332715563224330171923121577200100369278977154207789862924851727550230
139 4662741835748748661650800137599644970681668641846731446733963070165422081306070983389150886847578090105590360
140 30986600213652076297606100470206134480920014531952914888681322130868684259191800395608820699294078464762294917
141 205951508357629634767017164582953666228830550480501559297743344332361574217556105393747449644968620161969727389
142 1369031959650978103202965631405013882869199351890484905134838514510251316404247633411847008195508281002668485774
143 9101623184389592628569391163747407274597483564145413495616129079497016163546964989912650768490458436507822629212
144 60517347507186678091711888110886111966029618907481629706661713170588600005699609240272981011026931817319436440001
145 402435069644885290473958644923259860514300181381872884476792266919377308278399182342123384926849158599230943462520
146 2676491136815691285073591653426564737939259584524193781760778268162006544024658288153931176250116325550656581304199
147 17802829211083818915852491260470391409839332248065330494770021104072816638003351458233742319685446000175774441966795
148 118430798406964280241505434867965676385111090680349517008241007381744103528114322591425986272211479982680107683205614
149 787937756414550972189853400059724126729364832691457923578679737361901795793740168926836156342627023483894208588511177
150 5242881152103827008000424262433543866920195380228739952949413897344345618202159736668487474310453699018384824855333213
