# Computed exactly by the published Stirling/Fubini identity.
0 1
1 2
2 66
3 5546
4 893490
5 235804122
6 92540869002
7 50592275219138
8 36763980389367378
9 34277110454602760762
10 39890088439337327537706
11 56678337951284473917309346
12 96562013312452672907356749786
13 194303876852797223949281552591106
14 455927121076167354458618221923117282
15 1233931128313240306612110826751115179466
16 3815427362915400910111490901968792330244498
17 13367242073923466497034875199161965789809984250
18 52674473967043215635476389575967798074807571565098
19 231945088137992146762163447889356510317950792997902482
20 1134648286426968698549238131878228224151475496145235340570
21 6134033476930997084120131288525766328287555005448285347678994
22 36473259233088281255983638677462437371528362075057785952541530306
23 237502848908335936059080471231567097223937703788432236936931954892346
24 1686996781193271785571913526653601736835062488527812735943907098045150458
25 13023837351700692082227893082376943845410783359480941371528644274937705589922
26 108917254036736953450341366774439955330305589491554009172378984363482201104176722
27 983676500416473314725295379204298322531066003599032765991374352327362237126382408634
28 9566861839951077910975629597674726204034210320235134361363281890886426643528975453169170
29 99931001666761695831041324989258379254877070300661179995091436781997575159691131469365494554
30 1118344412626622739361170897849719092948726320562946208686934463746153637556258873269451102417802
31 13378202742701915528700844742476476618504318984751489347423131823882639066314300124949411367050509730
32 170699971731872770080478387973492328663946449226350483464879734281959462228142586203180089024864449788946
33 2318502183341569534882403838657896247698709450401574168613348324319445932132260343632478527972120001514750202
34 33457837651581972067903225917251229928301833016796987467248377842448550096725127910158396753466774597753360894122
35 512071705326543342694450880801533514547874272988008900078027818241755429678676788889658289946200248997197525646618898
36 8298062116081677940858747042499522121427258759985011119452190085270237819159264431158203043644340367525110371359182117850
37 142149890877455689113565026677781436496232021755268908388298743452277890077665391225143657853713907640579259174319701351962578
38 2570327789317488771380577269300275829507446097690616883806635819648777846960602074500875864512457420836673362215882034371485900850
39 48987480250094876503618483383557944623225503163249791739355230323969342473524921701390020877746235917996613461766304062865860460271818
40 982766699721700225555668548224944073788161192509877748258776797058648965273166876745092399128428337701530030177618092737350405610545932538
41 20726593009736724550231519460743487350494320104284998652187955552659336472239160817508518563385178352387327239557433774981886306619049030435122
42 458974037168472511914570527199694729311644716148609651671627769722951629157028067395089993561497078866493266629171895068473171376177820139532832130
43 10659253511629286817336472246357692434596477655600658955852994185357418523992744780482466489330572590987950065909418892466674247425943988581537833717514
44 259336198334565318916544895226483273189026410290006758106382513395206378635915085219498349402360171916850123848971968838399224512511845787660854664051267890
45 6602953196488495952234649818568254719976347824328298979187620885142712547694624617866487595796882460807144014258894622207869343997955673274721870116253853454602
46 175757340391626863768874795160758653028386594497554665546476525958206465260205659314542595646234390327963509207361343668272703089200293582370641919725041968854373530
47 4886179381291626515901982982835805635629254548355106250296222701547857307222818522601457925732685389835159777176149933087887243257668629072492726035766028259705141921714
48 141743899310072455903151240766601910904964269696294793581668931816376687359991327970557187618987151153496085768804869068799237905231774732310037327230218327433390990599140922
49 4286802383147016374662959621983355864040644643584597838074528471953522230694040463090362819833267399891302967323282602826090747626797697819269470036469138318859320992821530420834
50 135047783554514723749429294158488207911736033656094036239344770129363052824580311004326092626805044639647198706311978010608709344997459831223349102943316996766544903352929488392332306
51 4428043961488427392111220665379804209061812015303601878921320433613051933247340771524590112355132731619311900711288868759333390435524564108188051249594976073303684494903578843149856788506
52 150996299977250330333733645526162476139279742991322016854944058582615606737168064838530119508863323750861659317145842519341359316498487843198854049011304718639610181173362240310683382571469730
53 5350854641885745466146413256911893154715343947820432213458628737853447462596573108079470019697636768806618524565344139187517320636823757460139796503215669713169740765889192963605283519526065463978
54 196909817479620618628504265525097319630185287481634732630411284029876797953771532418567662966866669627918586296433579426405984248799817874245548151523843787122065551274292101291212305010708953123649818
55 7519613592588579869488262440089872947549025593220869696899634864583362027507254874384467790341301562136271961280440205099312930780468333894255773286322442634704681019212330677757713791975552659331831782546
56 297793503313025173383411053018810839809469635869879727524236075684341879581020292890083303800823124470436530805275635986505615172370964848302426491443645675604583576025322473964243044262878373835531401396334450
57 12222062386017136751692863715116092134178243011654695254050264980262833157419765754589639805692113902242302883799273297520250348098443465029787487886851013432041125516557418657880859340982051900161450093988053460730
58 519530788792122375792540079153983843270797537467881932262844912135080407030287260808972078789764243500190701554510076139405054023114429034447938064667529932353356861432969804521494585632839667996001877761938181537942890
59 22858772990485701330482513136040494802175643986779629618034520303629368584998387902853785954775170980809270815002139309534289186835936026537701086889784451121643914204098582722087945596417357014397533520882814618300110692802
60 1040436518240554649788365011240628841509924654864546118686798709965491526914380772193477697790118703144327575074596677395143509615318911989332471336989592325837199021413698505695765477305504285875016452673410268663159998345613466
61 48961417469372971983781230112979270922931901213057888329116011532889133428864295604820412959180931335840302324291709816952461321311388068217159952411285866132748359236969457944364719935664069379446961319835612560558329215693485360194
62 2380843332270611880425876697609042132707152579314710537053748209639844789415605841526491662211436519926931959630945964129436005245386161987759989902556940290976569296942344169739762460179869511245129551323470540132200070752843871692368130
63 119568412996955786484295884093023348584963925822568537766316528078003307626931958542343506797120933152850962823807788232134164840504938677773343904676112988460907878736206020123466581122125080337615759638964303453792600444660747778599710854730
64 6198528208451653438331960624751692051433718802655363866778464506365594047794261537772414377915997328830949737581432749357436051647804771074488687147307490021789935022676263408227230802799077874266449012749494933215917910188788328872752850142734610
65 331536826132980294326898579904614722448167861893885060255656686922387440332504917759247158455736217983520123504057650342417024584846639298086164627711970714573392694618691570208419278825487220139283925075993750313243095527928483443784994753666830655226
66 18286781633470271161312289664885489514756007174698060532225459842176470742886751079428347716321925266400222056008029457361135989731264254989972409244456852964476439019919252087062770455154878410276392761785027007738318251865153059375829453205458805383747370
67 1039687088013531394252498079210626771008899946884378238401907840120600249113987288043772773894790814339975827754699128880010314691151606604522308453097010945919472938024856322995990278400028743073392849097739516844266384768919133510305239319351154786843664564690
68 60901991022405449486731218438440218568389892520896516856090409089561634117429931724311681928063318180241127810185988252252390480902446654610204061774682596168589659124635244494981043806756684005085052873089510567173710701135506756580192726647455538556827062596782810
69 3673949452045227230751962376035371421501461403333859286625585292597966939321492027104492946968971328798350411191621378107279462302149808884229266057629570900464190703022979016448385842813888446475532967645052225090655450836079316955863305784173895670848249523635532928146
70 228151122131195391889975985799371714985636574235802109268212260496522026784282046840305143718078068938363338499547924456023084177938243846291733893519583556851443655998237910750283308541518582791313968920513472826035035257863398567728461867407415927712989840323328959952913842
71 14578739539351792980336516202317079632355437629646640579696462054167091224296489411153415084264897843356531767707993929002571449569100133386445641557933527286827647519234094614316237553100013229261927881021407685573879926161584153742354790179241748589298393014458780926305025209866
72 958187572776864810801459945307562092335520940636798783548374813460339796447485989506872313475541457307479854060514812915754625747858692882074916880782454069593737276828552640006357224440280280531471624504751530492048829787485127526268773071837536586043884459772271695996042008710406458
73 64750687964557231399130034074090554824656004280522576203096560917885785049560792584011467062070392254437355447188002517664272561201246181647319507601061905958916024331090284955886138342281978734164427465814043142929072020642257686621746577546915556254356882796283472271378822122912317780786
74 4497138858428869543343338725884604114904429319959118948612022738244074236200279333460464290655871154067531503512662380613112097197055806568176401645394506974331423877177180191673114312199689378581450562334364180847151608291962794471695104703742594985131666072821939894320199208554050201346517954
75 320896878011415192673301782263305423806853898311926475337703937899851179715224427683380349145800509094975893773553816988541089199139141592208479637508695423387301936433528354434578846329532699877644784408551949645777989313115540349286028855061506005406566735490129969861552473729592228244236968423866
76 23516651521584370455633080379656064329662970836963668636040525997421258799848728869805448925350528109431308887320663934076271712289367291439566128368971249255052972614962871969326252141184414363708395172871394547315966550243798363519931210813637392617650537885965637903600150447575800326911140582395960098
77 1769350625832453670034421415064065811792266011943214479267322836142724658257791517800014301975995997970682871923529131704380254408193693103577332779093384436861291805716398206081497755686190310786660295844965236153531633837302747407817277096749120196893205427927051482641593346972460448923855297031307942685290
78 136625681499151078649323285339503222263419064678102324981747037548574483916855848859114958405998836256654365505584362353511582224633529491426994081393214004178915993893380355302067293123431185796755886151293992309925889723792105825871611363622007654249973877222257050691021418284182530882628762128762392687490546506
79 10823960254397868378240534164124075879468149779297985348487346747769732423641780015305734742454191042594070667983425205188068135460370795529324791346757820345076896677069271932001073080686281390126620654546016763844931039398447407527866438606957994931587402913384223387787181331752191900976858867568934847853684895001522
80 879497280391975926117224519063357659200029519450337360357358897281007299737636189384714824500139293660903537371720520231501456644060948173964738526502932376600538012179596749962960646659017680505369185162969049282168451368955747736444942622560113123014399743607059570934943310072034705517910815441629646405619231047464110778
81 73272305137543344606668915757187528767393181916411173225209302003324663301268726804723991826186858266822584074180521337068232452690556130190905665354607208264122377172354051301174054667260674352594307486372693677204850935304153469942189266539191639688848641310219043316972077798768868412876144189107488070424043642472211307913266
82 6257029756034558158239295550319942688446206020703426387962506190164073793648523326304401091332035480609187126029633458108908770222959660018893148294182189773401302767746407782430652161397997983478873743887247439677166181539471439219156583123091072868813834184561043675210827473311090305571703039557364732467945818512074832554721258370
83 547505942117473730885000868769062672336712151883309658177965002800045594518137636114199840449140469320686337039866575163158191684123247142503304119810091191603050230966606973279773716510953971593091026619601272534262761133228099078669829283123845115711680988336349393397948004565943511928995578794076579438849823898110488533315115561716474
84 49076557814184167830132619402336980799508105782544999299608892843530915456073648004406382693658883314656356288943553267140868678927944799890602662688433056378405792969332928527755339692503000928447857767150911069965015300713745484188910797718442988196698214866015291870488612391212156449005064103862670176480064626023903486295620746570221292626
85 4505047966350563213908459217883275633617570315038511315569136339578979725114571691557182143915129244537036822271948910206940927457614657946686709083262176499038191131567793192852270212520108338837862755020637060557957495836387475561746253910088417918795745365068067506543090193933540884604141991448707020016976376733184828019712356698284188955756730
86 423392510449225381052465914654499196225275172935474829414974431630781668566991032671860022960454171127025394481018077577536222131849448964257074195785684612948077766511264094990016214028734747074628085219501328667126695422605073445370956525179943436456525840866531320814194428553794394029365342533483376964857927832328230371857700251650385652907321684330
87 40727386045472278241323614023895486387267421107300335370143376669927763246806259799620792239111365870392092487683552257057879165236448305382738163491016673762830121490128214113537919933473093906531851414671244593711709770609786734195566866892277051491086233648520517629910277330224743145937595625980617997872550009990325382579346712116233116257368560429337938
88 4008791189568380830882186259214306816249596863175606886487913255164930168395116812496918303563436271442473768188800291838251750556456905691661663587461072580357695629522451421491803399049578548078344648560263242394439217727051115556700669481264348113401810587039335273162923098330295327868181766529961168168522753738520272420397033593880602247486092536882482769554
89 403655079426757754569160561425758738686084479213453696626903366413522232702455455304002752581662229761783546094096043186892064270607826096660306280777336310456573014066005083181379614228318797217385126572001243354213004660440143534205505294704505509962920281577261158951582636145550975789869068488286750568355280284952143181388071719750296083229769954243500111851344810
90 41568715276262535895551167653020757523498874444884853805176647473811151435200664292097454831606771516159095244513590263293344955947356576932410679107920687397407463652985574594738207716991565678095222328642513623641467832920911068207990981109771599133492737160943456826527391153958782217505601241259496930331692145326007631984555934914860340490624378061702316478812526559418
91 4376969764141588650078796655343435395123372155808968057883373837254175624427545986286635827289993936789871023878203928325533916622318208577131553375973474740008670845601821274242907251566623684415707963892208140505671750837541760718550826411661473782402210278002680857043009355543764909880815193245118033669921274100415079151426128896539750273886723146561695882732490853418261314
92 471113128394748829040843483660657955002053593512107306080875106003931143430464289675692717017610260580608750543434443437250166714265643635753341962608349423802668656462221170280630778813618940753437684147966598807574622612544945395149158498453481729125581533836207630667997149619750387537061513355610862095477708056639985486601030409171319205984823583360208537517356407144404152711338
93 51822438029122590661345198830563985552672591033767797172536310214263844701347366919253617903445660085446770532836460055007660326221985273227656043110146915325623850992053276577058832412656191301453639724003257341956609990764060219010135971929033258530271364373442300507203387110424534968411241168715436103617682829152155031045359563275897845427354049820236816458764622370964577999265610994
94 5824383158408855080264751067725136699649376965479992163034947911848571194631427888543191778358222528228696581317216218117554706060679651823932951756557323080274434168051567202988972313299224002890077379859743853141287285367142784066981104823198262327711852067583603815943124357736410271683876642900699854011307269762453356007029690430928473334402122199722527746301542548702756002889986132570514
95 668685867638895532485498912652911784925855531944497013147403908841142022158603068136521083213620805746135237968613376445353866730394497877372273820285644980356999418976685078582891758986374328505336955723935711377877229998956043865652715747491653526763966926835361613672464178810427376382282624341911795964949879006506230559282140398681532340067962089856592144172898718166078106275578440345153060042
96 78403816304529499097151664964926102887341408518185489653396109086418393998758390654577553117230621101754858048036776233329082505639772347097268787918735760226301654718515445716380465286582609937574858833062626199929588811119241455202401252037199500888918949852723455657317797440455668504443088708983978538171671312505110942429840211670624128061567814448421247630291338442612246432405281547502017157762746
97 9386417701256026627827318367273456695750789585267747824390977969235070359726804390263647418794363047800408551315222019714799632453170970494836598027138391565335382456357350259564880409757086552564638235382114781289575831442460667610929757905535656728089528600290667744252331204244996233308996042714019475247573704365101588282530664887421382003223778729234242670044267699578595879941362282647020620746528932322
98 1147141249547034344086815586087744033047715746325526348895652051048509075826301762941077523182130896442376950788843342053912879168163782267637468281530409786838268562555759695349852565305182938550366854261251989804548424682700815840746603471584804952473336888529514069346233662495102856802971069538196535867542127192811245956435889563912521032246038224774908831913716914149997240774464205214051017243614611940588434
99 143085918319613321604337107937300101683919148856768741948746314144951689605674173478271405766564217170978322444821765448560318351421646826807520654856302342443323803934914941126761875767509030112350415518848242234820946710790732377076972587742229000623011578787347197671829899306946681504338430941567733982508292421963656484160888307732485570482413370826128902349006475505442334702760074242592739645692547851680564156122
100 18211694254140536205639837385709533933748752430224060699198229988113288646557500963650371758119836072935308812958213475135586013590309776436973623926760816230098062267656486429890567881937691956413484917781945111709243909344858226579196743946336180867257387136184446209885012193189045683262167482375588157939029198431571898569046550179512732298001675908832939098394771647219211043514982399079806536978322211441817630393019170
101 2364773400587898509435220853822401196516204185315516969024045878832398931984692343060601789320010007697463809860853607057238530184485781312048299148352722958775238942587253935659239706552299245758873485521539971092541185046267792739241622208474163222313487632922534682158513996936728373669392913496280938809663295317428756483164752263762298382446791381147628791029424229343209785479139768252972495530965386244759819549216583722154
102 313204825455665966732933467036299065229537707144838257309746770737130925719531408446577513748782492536691174541773556909814343582917172228301029305093744477801854396465703068722866428039707286489058066782107782563543700351748246225115051285900755144954181735100905841684667415643290800356404605791166935663660779104023100917247168049844745086262371464541573400844859584423663166202131693437118068942848263716106774464489914769502855482
103 42304131247782937282782597252341386051422389168886383345326358959776405584572891207701182353609012789268961537527329852817009961668265553287966976378645177637477477351019998566240981266419995802868984249294370573067509136172524444200907430471702347876765700535964051905724475146886029842641323740536187436600410347527928068952756580860618752299268369479548037771536341023578652382723548696489195190363426642719110338538875344596697031030834
104 5825991810172977840412585061313682087793511359033621273274530368093146585640668293179068589581390992121648427782850589400909330079943782116155494919059321295044993151699822271484021747214344820402031534044625306159878329942033055717578703294991266341557414238760727931209224368235535745236334503750897136176044436742978362277342706922789692136250617663166509868779359192062120210728383730627072916846226005265246799674664630234101639134412097858
105 817915860715988480371389258288246007597373519699466403321910694758251277643426674486407867311956854686741384118513991666051197364544161003887070866923668102824515817862960658660672343623217643594853072451605697279305450089345819541640374206352727395562513041659362020469042896599103744441561883612849361385090067438510816266340157743626268065419401922423544238742901374975027899711532541362715289831928458835976475492619171893608933938690609022947274
106 117036014576853511582343939832291150990763183283792384170652978323298411914898277326531472344238790875314196828465327973652737124907964288361453318501058030813607414913444688496212520548069182890607466600933571377992296125718907189154562258664125239389134201829255666301660531762078020983131530295389952432512094777113093591153847416920124532842218806056077016950558140979098541579670621331405337604643971165316941587544296805759320442422040564739764875066
107 17065716102975094802006105752331458882880703874082161105131772304692454542891678075931823586854019173171750110212524514846000964960799036291711457184023533358496740887562009882662095536863011959749604595706051728515466952129075764646925272874574121542796081861909786650120890048543607466893581694600722931209721727448298958811462309246109649584558752264849669198585186215150466175645539363150661564320338328909427463095732611016300914329581752645775054909229842
108 2535403170045457106495806671758199212862937914196065474414101587975800333619965006426871713346350020405851928994517627757736386088418865135376648730867790525538817932149984605273375466715083171202338342651933385638388509840035841185637366028839288825878282176937034475806791854349992637809715872277795770761526924629940614257342984660145891936384930041048166899919367195915165326247454249058452386097461921499986136538685750617984679954186215365374438140112544373418
109 383717760953675537262048455366324233813887628853459787697735980178943558893065116369425832826005392513821271855966992208711720862557499054240981934875281388302213086985099605855567301721457216729383052253226221647982688443191857878218503544900516143965777098823640592871861069107252905117783142039333346617787173060722453244556532017259378145125610950510316078479643179378674830950479487008525315212281286679907296926366856252355274531006642630389833125840378057803242162
110 59148720412033821936551469054431757243557308336511590805208406424964710330348284428307334965126882158560302538700866235998083611586051942470526676350741296839292809057159629026241484932866989114988282434204613338836098518180693414381704257600180099091529402267855754142916954362212211836988404840399383366423147925258890842068777385448150125848587839947008890836777286083799530004991649779705907560609376072172605338517856524776038888952734436504635982496299877209272735273906
111 9284851158092711072162666791231837269336040737006685585054902532326863278063470966750138529622356072132995860711804423111132198435026287682676292995802685319861466415856790993598716620678184546000852286887417427272046731300676474853794862999777172389367190181781240359900949118782970382415712935935408014661125094152550311137347949357077200007419845756138112059327419711114888479184907161728550268961910490386508263819476086557754260035651773637054893887445890410811062251731335930
112 1483985113607369940995107145287304577378196592583856328950384839245450237958163345407929817708668137883635161700717193075544542302234047589793123966869537666871936964499624719836405669243410218846956042279846482683004031344365845561982746657972970333506253488781749075622319532599325020482876211093396332149395834548943860524441870963767990348959593402437212150762556294195679301018446402565580933260786035700207188686538837815953342471155021437188814699591794055329454812299161617146930
113 241456713234802898884071402847334662190085431246364195014109577838895380661921628895812159876239072639624094573469456799121402748885573669780483091160964926661995587739707681888668986449137607616958844920627118079181036760626453087561494816876068316057665191808257649051065713957692520117377001071502101595971034833798159079754099749908949676683873195061301952796705591178501790735146120412101263322792879583777148664363683090365862511025760296443671851320011025872656635404351425291372631226
114 39988539181633040977208961189939934541708738549310369758872554602122440486608672832408993677992338286780354444409075750214199988509254146025761066627263914999659918671120308944297718020399598549924450582034140043305177824601635552469184321912473526193235786773368797502196231556784954161115118561325352203584979498069362312412762000509065170285422916015294724387174933947096256486219693893617819734084792266345344143667613226545950518040853764245117604012018427818101493410436111233548204209246762
115 6739860142620027427889119660091501589277546780428306709129064558827662635590075690526965974338211215430173488693760115291440117725370195605805851421693385341542726564030563576864395954871709212429870648079014088895126643899020734423421761558141453853898587911352034516888109045181970248666366979037373263818497721636611057552724069397037621908222173219359147628333688386217843335339013191739245406296655828597258268477302020218851066078612293542815250886865298355080006314452127291877930872807027797426
116 1155896822437290176902458457738903224793192660358267147107187441235827655139377804974373831933230720033656835824906491225259907447405397929802667947051022375148299634510776284911465001416260669812932837848542012773683035909241720143777053248925387148493611923648670653791792780897573425756484274536085363524089340146713886322476944902442092382655395272903676250729216120255937566055533447951076081877630018673665195094404331802239827890671617470265278025173245027816427512401211609667419169955508727249518938
117 201685643876328827197686325807154318046513974995018835887619309940974334615516946065498545504162479776781254382388366193528028627726881064302234289766618031015760053626595500649453058481120450819287816410243908387844735619755103358759081847776635265493058479067913862095878323843730143013842172434759379825315061662402544170642206933455021960992124555931861003740910672939369367524034538033030809014365811730843783649843611116255656880583912335616932868007901459450071382776657783867447662359694806773054349296082
118 35797659843471325182244264243279747233465279575509153158347502214827498384839971069855730112267832680413995459010176057052834505758338281389835908613233082860828574460730541158421946215000669963910959134352059677693300275460093911402476035354199191190223240299675116356009366501825275140546149552025084136695645519531294028737249445877106735122844824669745615815622576287999362429543637206461749664914015713510757951824471973587271035591590171340744064969578404196223991157808583006148199101347440831174227716124402658
119 6462418985065834699011943166063534946735203126225822028105096399418087258142024915991972732262095003502867895767793425981313782418887328426127736840298822145910379659497188758317777144740197213653699883046769679615084019218974820242350725976987867696078092995998846081395251940032465358811643941083542665138776881761342119895680386248084534839092688194588949929442243918626631558107311044977207170462279765741004521622521528724172224614514251564516769828120114768297045216237191883484336492232683816979294326046902838068602
120 1186409337397057076956237149262205224660141493009560698464494964059254502837605565744644567134629340728406458431058259382637903780250128973015092923350233547768935124496549413830712292411299758481748101634434410504001110544848711111939510140807745604292811766494122301272426914924243048217327544193663142230643817489303349839737169041045244067338240258061840854916952135725412904881016176509574925822537692990205159240389896675243237794931321098057183689154004817037000927620247174172571476967447686643398236713752215100572783418
121 221468593200539269765915760182369702410009353895433863997069337508981126188723845198446542138583534888071038820097568705486249425649824670054806507811655339963588147564454705565578853397432521980436591215321620484637450813638317691570562979186094413793538314809720321058305614449875271573173670182532906873144139038900988015090048073816273964844570700419015401078863524336666601478574720880894961738064571746915127216881986778027913524691768457732570068809808114996297088708430385546917319936157853753812010836075063157901337042691874
122 42030839703039792938139187397991346343950610003615624886096360072171519033495856197342437257976167757445554955946573404955196477683175977604290983572276749982732437640593254221228261599644324874104952105872903735455647738867289115596646229787583090365861328642487843667566231580744509214121706296447974339154292904646791866564068585043637358267203302174816075322706270116075819475607402562782008274711609920194932505113001210098789452720379673356457444434114832533688835787385834945839586077113628606026745957944655689211365724222987167762
123 8108555199373447217961275154468499401737969537663811997663978406265419169293377740268134176695799789309567159556308056334389606842744025411714445168205574147783947372982023891607697772469722382940628173806507603639983706107519975290965365138698970121986121625702972505138487352914048816422424022983584728387946139603556446013103390383792819551683034790770899628494060234507348772748327656480576650297021319816071610439563183812026106080318506432589941016116291866635319933542390024477479230867154012089781546187121485430596345277012202749033306
124 1589939135332371862225835323043774883404253509575085560222939312651053958122378839024067903942484736979103646459670159244361418345199621843692905789355828441181180072279877371579381471064294562682513270217983469171708229543614762027731708428503166059560133934693202308568532692744608825400237376612117867115453250591897492018286412068163126628409832532083411527642936584967265178781866197219651554740582016984945601752287997519295490404833816721083456027637890963579464142829391190108505117759004759220949829692068665428415162504430780198604352710066
125 316826999892801781317588467057085359653244649338260093387694833589811077772566097840090169220899119360461425081740193367194518476048961200401198116131415781038436498373594922066079768629465612618046325684348932765471711206227789750080779905457550786004477471100892456181379355966936560705134083748623466935284430081782561985030116783689193583363829231876566551799827823925456281154652145236232159283938170784158706116963997947271064439745075607828766139964386053515135725804647805477451337893423744555597934375966708856567084706040142616039575642638928922
126 64152339426618889809171462928063083324904906556216390695338381681544728980055089359232752751572128428656890956780220956723838927772275405070272627976919993963186247832901148633649681005529852766804110842585937178304263208250660756447601122372082445686722360260722916397270219323836957512903195238605150199012632732972525361617837039048021202329664696463762264589852772268390750164966234745519953149593081901289097602508440871606058961944768963996787088749622433020740468542631752275618244450017037133844555839778839962585073376108421251830346066234392359865802
127 13197640464470838195755813934943219646813574405530056530687117023581780003802972840081324109226346541978805760128538582178772469593414310011044849313331530206002764741255568198600775644313524603381647004321716804580847443961093870748135599285055729377436369957919182794204870425654884959710355592620890745973997949375510954018540934911398362962467627925072686647811088323891486509495884138167937302775017163793709657601405805076371461719946601415881620796132126338740714341887256402464823188834009887725297442501085470649135842744665297627329254202361051907505872898
128 2758158951674050065091944070810323860095572402132546812320804572672727452606581560720356020474197384712213940850115186283776383320582977161825445772157863296905307317330700229148148365195335445107638214357773265387791542235417239604891771169115487535389534418968907993698679627486030488432420517086860755349244946228147024271291325821877871365308073941931199187388162549539100339908955073178131764666859990975788111043330695996934599737455439926309119216678994972333049724509919035060971615000153976605144527069110697484395195746202255005668976992359474151837562326700818
129 585501567040548982778827970030696147602638433022062464186251622256371168163130327592889748348394074707524039065543496495968672797845306595853016496289149064290637812700192903394748397350059698082659671940629189823592014042950695198936954510001100719261612432011153328709817989606222294627558217137326595347323372695851043642283550574932496359589082588578473207641783063688986945203223122981347844162557450587613020435676332383856763413701260078119591230259528045935207204782427075084226473953137843578368711642763293420462005716561522622573181679484430998389827934548804654330
130 126232157249054353589147321639538844892622582178901615616801944890600702189896679408773673562516856963385145493541530511028189453550033422027921427976231222745828047984527028052976093362100981538932685051429711875760298910450608966370355722943123241373897399466995279002193710535687132663576802843292570158678622371534378475367723893141209227439945031017109582996961825937736056642907340147451588091421986142423143324341449850922853643671218409480740777421179192487237182261247204333746371865738284454259252191385054959581933871061673758712537273659374124343859040803266244158873642
131 27637154447651463723634230405345686375176120575989032013527676353353622070904747149414600945078213145291235289605861160771196310691004437368385133313332077707969068848474845520926152718932631483529881412420508271136547686886923358584806473518282871223787391286991296296566188601800447363985393678633432789792570323734516072241470956021965686918054868956698901651323945294113120049271711041137482855598899808591771334391173888420731960933544494199607551169793555949437335167094600264771757634928356230016623201009556547701027907039871311627522772562926968095185354012592246270699550597202
132 6143940824936306911588469899192140184408611112584864078548896989058013118742831485344959116233454152532003565432098279026066581870617488191374189148269900943994985454016171020210091640274023245070882756919075119892842556726289170079210639979200402489084010005621095641062596725369779436486950051735519484935543464740173765344299062675263041355304860092820281481676306322063666859678174786184669024723112866905571769314444754767538720523804998280696635315804981036328794054124775021370974927844825102428021192672902314123384734739770858966619409696118106548995538858996401824181631059181563994
133 1386694748739197199786203478355385918081663045290555887659202587870397648003068072204075039846363759571494359434182235724122244009741229303421234082616154586869424356024495575789918033931583119679073250614079352547222244194173730943255618481731822045848146126760504103278494846967048895922610561285950723778101068640757323929738768490209029160130495321479432011704598108348015464528219972603497079759128057291282882348407215302725191315992202395973389285194710771507183687923102673010474171372685447214686304878369574859993634681278097634754887709771149435268328377491828870466998923731267277156498
134 317720613253025973979834509759341277961587875514008591039837694321250412397490909430997202033071862087266864824169270781310429775765112745561695276922444313519070618518152148118110820202543117394647974770807081209212291172512309842908815520293989285523848450084087321787600568792164006401526734101814798412865856339275080350296175375170647183988716616989909688363210375545520030504560417416116780158330211210277932244441625482077881933193599634208421735291433747597554883605756495140001434582512162364995435488209820681787347297173048091809275930523222714299311336227206493563201739670416308757104515442
135 73891052459749584121666221173225189471516292553430779589214224898922474314286765660580950436855786052359972949534314462728964654212095516884127576215347138555879166307245792697043504815877394610072963886677596488551755655301715828690258947477972592509153981183355451621239310600579266911324250886168430028240694861103117425542893812715971276100385714186301002813905690244684453556291943133311514840686179665713017880176405937954883256527820198981591750969620399748122602052058310660203554184928745004498202360827053768204011934276910797775767466293320515645562341576667917319319759709495475580559778256410314
136 17441034390906195617752418257279018401066223788159214142396296174290746624873828164561686872579547620342919959073566527222676510489491629421080326794457822620243597129628052185405758773920696164665072807290192111211950049995478544949719205659332830531818369716027890057011464461483408261362222840520515896310090333190847644175902761203098176392596053849218991440719328298575461034310218077742177916413460163009427182463488527976833233552770542311377648984275457074607626189969728685636610500164830798462294115534408570897011435815909376418282511506153664047342219390546885196122690119099459474945561127951307290426
137 4177719169177078664718414844360113940570317827302673282376981470949361292240632221112252181828990210200282285826099131840970623302809485223091889146118394906421223175432990847406061487983259157667092693621462613028293618117034462704446373739391333111540483683608337368252302187944747880409088800664897983059424799093143269928836792333512450736759822549503074810346287661752703661231362246083174856096732618121676012942718148515643470850756125021376365432345003217265292356957805419232953462193129292680258132042185605083037652162901446556859982812241317708043986083382353254831787087826775676506970082035784814518252658
138 1015421252913801240456612199849098786638907031813796941365282575513441950416620669979767580431751774636774897509910341230828709801603629769452973920554945679424405605528672012498074652571175308902706449035781586570454654135606240824683546693209171075245988490544889980069767880765445341138868670704109556691668667296163698053615890595817843634021519756698083085620732659278570338390913018782645258189577614473983756647321556916124742547668130990617936816893607525890427380757394908862075798841771310947727387988277221757456119347617637223437449084118634181282754369166644358796286039886101707998162534179483630777849269407234
139 250407490400578434145273407318718239134604445713061098036293115989146596101372354189845123679173223550604459059699673471314781529187911058385950068187190746377541551787992091630271402442196889491026115295660818630781557876458618010495428128855459467253432889464468623367805944987090269910840835567970968517176867555221595717856007447920387021953011690330844369015270083024555727474364395311785678926537845985184481064247046849378027070262033327603137482983279178159802869093264796073711143766365079009051173495303749689636942696743682160233727103138611693361756698738260419236589568091955617144723148765226234036104606343789394426
140 62646550556838398084398043759890026504026896902052904873272157065452712013083816111699720013828566930803104581011380496109309672455580295181142562952788303747102000618347320148640500440972790117802119368233583526913970190135165817625558143876643331498242836181678056550065251485672532951121645974807385091782651125060824346355812727566520754566239710921502195860152970382117418734281542781078519121174502907928306036723235073698925956386420710183468262422731085081462946724661913500469202347313498991328273101735379376935978653348100928152846047774324525994697390424703372001054306041412828516694618504344198311428013641302078873808290
141 15898317182067351872146134503783585236008872157284667952199995646120690564645537887939887886304592802096252579878304792933696708584289177942808904749050892708101057856076491215458548471119684333061877770666815146630361604879513514377321233317176170311635952865349131292318527922381309083476303340392782166503528380107660488508505643525565886573317047603629757488580721229768287427703305532261508478691396242684628311762674120179855330150170341081559387674622176311246189937867143803114916701119174744788247846767618946144806087053033048850698810642092553928576703599101520227311289032409377942537202518864766556385048187578666735350949975658
142 4092279598065366584094018803379277513382329634137764022352884289423415168045965875734569752180705829131648710369311400700427410099546791004298138352341618124828420337609607958481046220190174632430226027156487668660388754108566822484729508007625752078662414056033403175956941829269601906510845112096193707488258972253743206568870982290952943150632780933489838771866853788446171873718447707304011627844280175162797185614824020192597000540095650108826032417132567554062967519709953308454624805132051221554813933754290872382485049212684152654639129901610100589025061231462920999581265429274342082872714217853397338338528243687472817313822743213294090
143 1068307325078232628690915213533396981506103228545183528518099465362829763953739632955742123061359930910668472326552256139204361559829771466928383860341676348328805412349108619005701048192030330657645350569412481394147828049984453405348560834252859431881024295501099928137652626503269938111311438697113309027748025692286557906264373123460583616326068784604436690446715063898981862180785920079151447809489441732470970341657743889114777351423644219142811175743362177518935963121586650221023943980167802561244478345346245431145009330950367648227251857068779125068654262731323456159471069951866448817489151028712572666450921729910928887402569498826322914290
144 282814131758016630218864227821114942311352040913336465166791642365210425275794157075732932244611840868407450093349514844253361884546463255395900399847633000179943497561662541210973498301087982395042547207494660078908448199099404705391431330623605412983647331861052108138730035664802877954638457210732719956514704410184052166000040026261941948192927027074062420025221180362750257252230326587698062228981995447658570911064766071896512461811797291122582285232807596465119232701108071987258969155755596687864470921841403048898727623403722264258075074231584283722338112169112273434197317128568973380115118462150458790670163081655330802867253913631456260868637178
145 75916787118517831346465344550854006607688166363097275705250787632186263930172824857007208737287884935725788983209011383588553811900072335349663498385604349174765375141759166083721852232496363673640444261924270129394851767217470271985637562346185255082574316122775230511127055473193653971485535374553769078628075362512417287215513799683913423739284057330920360330339995351513756906697024790954420292047474643932877639901247281438667209128511646674602978151119975273057533164330175040273449235517467317686747036752427552946823883883115976748491249459869253942346014262754983443061681849744893132761651120122407465336698389144316915807733558326584837395370786750514
146 20661638001614880845506035379134468379446265670395630878361125136436189229681039831042215033373051998914105783155492349304787538748656849445790048463656204815185746422683838016662864120626165652826517989084253123118067861151011866804727177528755076914529881536073442075124310342719664792236200524451849928417510368320618116883573562719055464036504806156460532251996428098489172000060031246079662155649191858134030282869678811695808335285443864890236978038538815565009703139008195670698700115683502393904131125363386922628633128487469426125725628570301028155175824386979332445278505968335695042775033626634435787037953937530016658895657384474054809358177316832885825410
147 5700866400261010831779977601994283265318384328552859263798663130022222998773898681265898860477360446183732265544283038960968840840978375215213087711253664158432304397593447664834317291905571521754234636736000818747886843107363133355342623005661685375460249969727442790920454530568278484053900905330221070364652981686508661377430688089215805353832710285297849569170244821035403616150293793263064653091293108489523743007284607732530871489094937060458139156465660018240593568770417168077439200335022739904579249717842733225120062484657546203029435984495934647751532901995525548686658457599362652481697791678787446094113391561293153466343226524272359719883061375952309402967930
148 1594504302507881262648986547653974792873402884609876141027392920855704658520026756078516740804949158807169304631942350650305504753542813740029100126954407503959939934874216209353519492196889058025138022487110104285200212559478508378944807055582816981914078830475421642308243498996060440931427418605161453559107012307765281634149741922952358302885202694758903564579791881218923882537470693954170970689752286155817536143947136955350869246796393540816323094807110593121030483904953980444204357638299505743942646344137381581726464423479996052284892216908195821750279285199297418427143395628916830956153468587895536444770477004269733169002689607766532973159919450665367998427219501458
149 452042555344701332731847356365382653260599036833975528759356149056613065508631424718364632674285574914412183643539235569374364950030636621818866614606967438134563774724560788350342231398427843913308040352628390686314991173196125968795553166283897227193934290189743175303535392189392830098987946382821461080203361725967411308688195069689318172009685009528364330476230477019973009146235918039950091256503203067289964700357877263990557563677724587246279067022887155175421541398419334121962791597309235791199719671162819451295775472523577732705988741140492244950673109321360382180976771782132787076107120601578659999083076941216230920244277559197667880298903875554479399431567831942201338
150 129886003387279071896564434848950995439361510556561121723286387426121832764047541388676536261370292576821158677865781972897154065024528197206238644188077509941641322236352584200781461496416755749261318621291090728111909034479873609914663091114030171161968954580007069697735437487906102370361828134167103405935394082501887196365577370113781200459126827203955337753468722608546373330600680830387649543794501038973033851922024191928809236544455011358439951927026981749808254036665587965640316130839088588819286415009402775599277513373131297134702855262269132543371275003303090637261710450912307229402540267710825129175259833742185868667652820591724293131136532799619585531460387435307642285402
151 37821254562935720514043588649732758815522164284030125559041035364927530408724929171024265193913936223824825544721174302135682271520476938107599017301130109426888912411210535477781446048499301938775061977322663165427612822613748337086354716658467344761711309094917103494375733791226662233851961678371463044466412714402790196308150522643259233830194911220819590725490597623498655224008240086805185510808263161578101551741901666901771461238805178733959227733899515594566649597851631153318051295482804609557172644624546941663071634359424920108092241011259168728533108292227209954222876000758831211358991719404553893276751311091284074791492176573806560286590779763037516146115075260547185220449460898
152 11159936020941839205374007543086747799584257664545694929049329772219984500456913055593325893398477578607144318330018208136041765124804356638858005287228714303813248368306704261582962752351248324697072159767314158710589313950308630402789774714194080774402677431270782113143767401972465986859111410968336081600726687957133028809711438973743588884188815262106043487980519726022108866573458274596490992225956596781458892691047270914022213837685784086127749070207254758243530242813150108345584810286182606491876696892101855376814529492638225626816611125301035020296388659718366373326027846514505239649499949087218337241181996572868862987911237402966809197374401071827896793826200623607420743793937307173890
153 3336582237105810713953945623041961818032594834510204987761156375376120134379035123200725643340830124665343004704521669337494644896737760278768141042700101837617144046424806920217579231898923449329028019754462758458554269718663768515190010877020938005706888632672983761232622243942175744618068038606137347278971711684335921632376679700991120562276953010926996389616477797533914995140706412299168174216691632288584437237429977337583107846723589878111994156771012985652480229719887539673520146838360635319278975111998981079156306594111964690498234912684714927742793619558842279639466919960296000298883187446315855174604172776437214678355275022837543988699418445668214046407593166411602168919690887037329828874
154 1010692326280590761526155787874450867029423455360567386808183881377047711142281980838481700998351693240947810967108845143085473513491791279054456239583555336092830133939876687269089612115569711703384651861667402115516237362525731328057402686218483361071290837253810876721789483756821114349181818352416765525000668791703309958219904891845793950388651956190577103760369812224737413300011669427421073243196351053098044565059300945956710211718377752412819595364737104315413528329786355925382297704432829039484087650985871626288217569253920512096369883765866803398824633444958529510985152841648611992302002770918320624961064525347953857625667720636556627378327936078748379926666831467772881829476568103914119196829242
155 310153185770944436487896103924718198410280162576538202305293283330808290710873047370996230762291891379759313222517880853940180735604439477551599102379347411892397291446278909506020865071688795582642287529458194447989174901980909578873205412220024833777202630238865428389245374959448948874453515730403319717683798818907129690562198252437089053681050739732769207595701789013246501343810713025134441677241147704461431121506083672295073840728838326535794229856788961652911418672689878997739319074009355710906047226970526941374767351137645908155688669987024969332652355798760305278273417023428323327189573586054053349315666037498088438633847803865418087551524137897930719810731926789578461401657610806459999079701825696770
156 96413373772793067501769087339429944168955444500375263701244543915397142890766330882318869861416653212348551269609525353161575816049663277972578572731986558337595247611273842474293534191528888199099961312522656858830224670140945830179679989095911392373148781736036279432822603646671810634713927639589751982259170345192753550462395389699179240904317972448578803144692329933951831883410744359054029218541876249379130025109309714810651840257512078995666883754766864057780070557641416593978960948255775501172034440821614371880957610490332861247813059639226943535742472638660162622199266432615435727220708160123014364901474620410498534055079707990155426222180432178592672359718943892206780768888973074832401472847724666347714842
157 30357510156941250729336053307341211533720835126461004046118320479056210634379798285053790158192806810559395235295702376830413931675129844295922676746462841959562960468243848400351234518811515344746075089276622506354455667508474007974668177408964216662427722935540519782363429052148354012880932554065876161936932953442057821781165446456350258919466702137795868726073295382265410186106611467643362438690975996312519817626240064779995102870258158973075594653584936905445511754044225736549083237816038861496320388788005001692708898538980777171716844558587963778774643205601844347262893530394498473674397123907738456900226608871721261764402215336708384556155812532360147562353714328480921389094898141545742884270041063024261281719314
158 9681159807987283939964720755990490381971734627347867064298170359359562997878166356296733909971353974714670804375337702233126187514807785310536756909627423583133854440282929430651195581971852939140794380184570278252252267426385428593618450390701995921463557371772019178272259337855234664920543563423465001391856224105714321855185894545200105753207512119883936526787370023023562096083203378529663357375699660644360640107825423664932019008065558354768626749844911939964046425344476473051337481850207284350911537298625504978765061051816458119750296417016107150823765589961820228889925036834513335246520523533237202028342328682040328404616204741592662380000171465524972602546634738524184461838805279856122288750293298632483824170718278258
159 3126698362783393867648194630032964866138918486249142704110169180230500947096410057611331972937390344916864439327399275253501178332958307089543334043090641196633519846570540709997601295060598885189751679733444037265206261275938754171974317859547057817739802232435272983404498903109826994844356844986924907586531445373908421605182605881395931877516563615246469834790640959340207974987155122115220164594368799403989436009818208143565528476088207269622398796320114754185037211539246016755236353672269541625172531506408955283328939851625194768733751254804047391990392989921995643135135587241211638950996779851747819992177932182552314677319057001189781651544770574808192112057914845725324586089073154200938326619642905280396166450053689264744394
160 1022603715263819631749509967230284756702473918826091345769117072897423380433567462418108503727022940238641573639793210329060055866191021202941697683431726206984353987345876141790807480769170200528643060986217349763553850021191647324977136622460114662127702209639374812059260595628275042101082946108055045916619681542830837303488684269653297586910127720294460983770876761741315009175120610336051903476834441380215909455330518547845432924910669443902678269314639993353649898829318228109972197521475293309249084633931005840524890942542509413696637516163634548030042876010592103739543374642369077354162774068861727417110769331632606843900728765628378175568117214428669897685954422742620127887852561982914671465959801479013853084781588054826786498106
161 338654918314389742339721142808123453081122033093570323945082402486551565949095908482109632434082000563892802413420498817980694730047769247609191434574830383344792266804764289303338869824785533443867419928545471363261466379263166903085316840020323859470976841351636750199545068082093126652618228744875104738372769280370080957480616194303219309023992363673382207545003451045252352112481236629913772292866925437872247595485019104437637375982380132188164033650467531585538117469141960539209712966578335928515231171592277539230127921187433992193021278882954229705809477136759897097420788792251763054424137582079812024710295582265110266478222452189596789539294736102191417921938473484105813959582298969565068794362810128419550431155528358640574637456339378
162 113553972412881130263605602262279426392992481540506764733350536908638803899628729182470912811272039686369599501391046764661541056132326963144933220098504608462050745543336574567487638619212678638207509011600897313797340475571133572861295089121892166029599718995826586258791312356379492026509994234053545957112252342884554737789488904111178122096423587530977085966378887817312967788372015815406961072292885878176667897503787362626186767047248867770732341494812281607147721561984472994144937210847054200956223894234911280147363476998921741787536871181898202630530767342615617818454859837898473561503115524592868579831536462528574480845933813423288281948342642697788490939056492373251599309470836020912829600320199227777944089216914877654685241328631073088450
163 38548625521886119722285384285257770922122570758398031787212023159197537763775675660207944982181356913467845109456416365595117768001316149830269791240290906209669340969532305568381948972492991490875165404293063848067121870735798776610038065491150467946151237969126081590496219713037050474989849659543433663527746200237839819869117736237505748513272491606796284012227652321754338151449631324022462834617175082278577638306510086220041388883613023088359587147492079244961315389576218801642860922240528127019063238999683202699078004155402414303987069632425739533789041219895181513769169906973041025834271626613449843328630849512649615601696156013673328375295362197947037216211678124282087972244560005404405580895510329287281667142627657309944873328829220539548998202
164 13247813098962903732031248698598538508086950616228386666457783499060029327116102769775030672618589142112390626001977394862803593566664120677515449916816938000355270178936110229003243405964585348358086520597522714028353829011714618846790630545305017184361673663342898047194564586925321510244351972835919490996803579645524401240711089466056341151389203789357220885098494493721770619499075144163421287568615923009552186088208003064348332073452174425828935211440953420769198862539507254888942250993824668849517493025708984719510805339549370648918647309181837785665494568315397709089370603211066825027071524765364155527376300028189071921947219248323033189375133180024591175659699102046379941148818654484720274460902066376611601922227296027868979327323397348834896611109010
165 4608671192254477213162024780298063120824683169898751624095942677059776117073961109935282097314822087975816425192718788839989938989235262934034024097274314368858339236536879883773421117898359142103256236396291845980449985595096065747951382994386595776209142824795806016178031876693093138839538912281474131315897599310969239527132340062007845970589824489560456667029940411974731343012990702835989527632715090944900838224683781654593650510960922656353411830501102988936061432319220138118058496370406788325542299987053359322138776816981031798438823043986693579828595745684752709266903531651863029863334427306805925158887794629325222830075026126797543453872367587703798391715728814108853010779237409724516179809183230142137786885485988811960327758190606437470280829560422181882
166 1622823900403637103954954173244275291917212393350868337127203413613016319161940695524068601960617120412569936801043381703511663561343002555199357475965612369439996997506324995497651059847733507678067363027908805843261462738699287256609904384986448389427397370484328817759397790889739541915350650382075307816938546865786336418957257598609896476700077902874516175709383151931458743899466149949957957885350141878149241178927330146114149858440263305677037618695995516564924085752499586598717583922481525285407323674855151483182220243257126975897442311701961625973952983587992235467579458552521949807640325934658440243074655909550875932519606459381703720908832305970013134383878421232828251236413865276079522864303803633774661473147969859402763186323877541157665102753457318546383450
167 578361657893246064039798898200414022702492401088209150662966760183031570144066897369031482226873319107693766321327010673799192150523334101609275929772946026225676041030073223523006884877052974810843981531330267590441623794422040539847995596212309087613396979234144777836098064058828808831416777107459883169681721973401618086631422901523627236238134001624274628592552245962886881109651093398290834105885667565274119468255175713499522660680358098392424030653490794877516429104724576882455145359832107524403480644219879717063285695951358577254730840655057217743798548539830831231208497247805800443501885100590571796938266661139071252754941227920920058247399972366594853176447845747058734563204511212660635265077168168045727926615814482027588174687861164870997649903350725536255006477026
168 208606909495365991927367615040811550466264077936981484385097726407062857115063965620982416735059585978328909384011912721446584207014989563221516816891757084008407240313105525211646165863431958252494965214551424196682598380340593634013453747648556828794666789278060820893591373766101773350667526293185356864914609443080686792947455391897538413262415313435591998056026324376463641201483881808996023897277378071512403441295839206640700547056187611386895098945449074880059068444510193962145989576256318646038050359479662553554441931985068748596194791056448450350957709242920165989369250859696220213453063516305239322219351928919319476915227344007716419494401295269661598302003745077453100785756636736953032628630963029940665928685898876578267080684714137623396222493764604251682344799122902514
169 76142656044744315566560398725838721943229513093417409691438803729420411543575792240928992640238555326492464045989246065715798682445010069508502463529775276827039439260908823635768434956229288180777382438404463041349275084624722635532692502931817889944387872972224449205104000301723620573640512730775802771408777777835830700304161110317163554254417339785652600025018557959772939600344712780556473184066538798622536889800524116444646846431090150071734445997243174758767981176366349636579329346562816857516109125251292608694165322754977698132429153497126965844914792169262903406015164119004918913848785104408146208350377535217055161770371938816080011838713325590143846055031993713382281448741587245568967572809399845175396243811445406308833281969180066115647871288841133631158880575195651667908122
170 28123340216547464671734491958889133386631392724141240437180063366434479644433761630998380910057949059311277247279995339227730013639031776803317387307662483085901596358921443732523289669721165194128793109996652377715343980832723603463396593030156839753941500362055841386962094833408902116844991539890820587284063907641425880733462698126360996046054343282169363602657720122275277015331272469540041925501527875590330744191470183076132944629171662088691458730491892374969476867918902828951814046559740341439420784767272179099759186115311618902259259520770634625036414940497796421978552948602350777162751461806281252560229244867067489650673995830564017908555695120509384518628593802975391982473348092907881591400621279163310869975526467310538818023948429116754718518539815003212224520466268595034295116682
171 10510299525466394278372068438172771010383136570415343464047443787512900524250500978606098471590847610100695839455765196542622678990473085855366144849226554865280041497526972182709133245416083503195561394137728909376670494094717937649415880689982572765744749704273151223092134521479257345657005742679666694598366726848054761168374692267281971641114055435210243168674310147269304542508372613694745545728649506670830992493069423020212147928567600055272944809349705747674473492148842731288536990520503487054548340985633922310796217843191049847794921846591091822998232287914362091712158702297432532316592188505331152488302734741294455610544546752976676576791223038049597296282134085012035159310836131448930456552140957297014263364854289355507981025894111987193591708920823217684628033342801915419420908117287042
172 3974135951871147985643840450455733138944661067856135884925624473267898205844074390508254488443115856569724084364281975566388399127968017072571492469555522531867855830813186075609364318954776644866027521822022370275628808916044674036569055768623657205960913824663753177054845633335780915048798781452088500680609348124967408545908494763221191807352888739717342991978830874709108235788801579966415725472508399816742819880041897347033631113471205913230522388267016973174143627789382204299695053487975134791061549770910409866916556843379536288257102422209101323667074606534682505293698725927953424767908113313569625017591877203887866976258786769360557161878085493140844014451204001049847137005113352300740360550549182389173148779457901756984782156899714917509794498934566268332535941224350059706605351591119976050106
173 1520268337375510723923103569116585337104343000522747322728082421851162058724781277677180305130150640617694364104139294397337216965167160777099657741028701944696172569679586460278631931689532477451144319997483973463728901596715742483997305361202484479915248279268677443674532658393023297188313182000935571770715033419523893272351077924656379365572570685438944836618178742906201768853021231880698247900360985828291350895127202904193916168553635105576273699395035815071194109508219115673499908431964520632024179713963193767240476013061403352320367529399847317668982739591449669292980430511923448172448066030491190004090595206219701601482996189500277495190914804829652371080033223140337290744164913632664189046389457558198740485001264386238038840695233828685175408427029581228675556721509604908654587226177946141889818850
174 588326614155813258509967343060890914150436530974575522588372700736839281016862032100900293467109260634043700893483519960055223697626074898853664747785059542955031857724179202850135739270879101512387830907988197283157459621806030968296369824166058924704114835562348800997120212601013943662467504326451895991677222801345579936266670465450981266833790001964172495986726242979879364480952902140352090544004540942375703707245493125744393480352862507618530546867791309598744624949950023375307991879754324545672831137241715264364131917115389391555077515829035842266847053129399207228755821024122628276972078084544928835502637753823308548081486693797464539418767023810123147291086823702602500001450805111179983564695634580660189711642733136042498056221849252952323234149784724495441148395932876162139536514954157806983015470508722
175 230307774668667647902660640990916771258799684412110487628198905962726720038096140578144172637101106753073551233561013131251120278711445785125302626508144545376114602779945744766586624246574887303588244693402306681847364938957511939332732553931886952086174939254737199983028332757386576511118733287802578210960407589775505719919416735467218955555729008272685090729412688894815312674804229670443857304278025350968255126495731709221898626921756936103259992002513482733820750379708503807455800663895464958178705387238423359872138027027137908088900746803270925582216934269615567724457291527918582917367237496431538083077228106008852103866174294658128410397338521529415164617150056956946651390166816881154643527719822220593335324039778324701004604583007712989456539418633330059793651738002267683332506354948129424799294411372076164698
176 91193112315084009140640571689394809946615195487961596242458830341893337564266876355322298678904994528958687958346835631348799054338719106596166768368570718697266162077620140945481920706337875180090680576852044701508987209026681593096887162863673965228136094504469014095676818715327552992268166124755427773897689534377568921362670697681230628149894933179530188183004493166374172730526315587493682620692587254142402991407018310028545627907867853121536282716847384291020494956988673578149289012212694647129191836610084430117445701567019717094879217971827402355804695636165775859569116676317908289272923476972452697587516393310229189171519309306081453519386416755184817964370370597474902432298376638344936366142183808701711300116479989690914519966888107765493158746740594668269113397189964613249836620777941015377656912794425159637062738
177 36521668602120139405393985956306921127736133680474421643940856198189581818651363226539897682811288169191164657078356291911072868062723998758573157081204477907358810534179215463957334513161718878473070539133011560372641052459657779042858396595377619899353708118865383062063422964018363523580581106203074698276994690088605447654851226567489271768717677840135139749791585478192280272560295309720499324677825783568719916331731120937929722945311224781346431384119600210212704226831205187843280325108046931126500224329468067199717934205415909567808427063042091212083204242827216203049840146311066584311602571636503487965868354500516264796328976646513699766303729817818360405409489500342389095140892117998373396191861895609629051168819246862514763740442159627161117759281570745845791230126440858241205998451689131853800707058452468134929133472746
178 14792665523272998918835659154665645858337798102025659151144583568771627834876527458103166164216059226775659996363887720628918090091952438689864622450839103657328391144863863934588604786562626674388248092078989474688018570548891440671692211286475841421549527372452571887629683196023222286760787624739648041806391311095922068311989347990080547785441678731757693992363232364305844863198127305366317961977482642939211957269916580383824683149687794418413696279779057827440121803419190612231558429256584651204173104042290566842462568647807471768050819122771198119210963148969549281175953750004907141212186198024578165235040616992924594644049151553823734269348250175601691511827422684655332529752479400715922405402325779444084509378902815626031447873502891718444433368279664513638427811571624822603625073518252057713518255292000837714826281296875228602
179 6059292922137548667844423219095132031426345603449527173642632058370770934390867199132427584832990593262934488401839866637010503961870370320213241956979422523715085401327886231161424511140911619497092354314807977011971611372497978167156836276940002420121421342434115883609635793751378813593014693818667803665463444464708418225916647052290987995762640826335656840446572065885722786474360353553840118243143001079412288433277233691335043800424405332462356989785223587693195820945899795518046853407734007993172674179244468832641872735150983626469962021936840572469008462275573194218633101753973886991463291514695603405318870226671260530764955326078548585356327257268480035488722780703972298099315692842660775812554958261314913744580123612311154437060525384210760547615518270035585003285049138324573470268354719099150777286867520224119634712821206362676146
180 2509862224302536178491004399406360174952546415256678657860181908474183666251962776396349483497105893621147144015517911203246240945479764330307904006611977989944830088459768367295684441419886407047352817842827731931305198716124595609428953185789969301964393689961192674045537183248885226903038127885407222419579144257152487722652499727726369018776839996942507390962126209184022191492341320659970427780236781211279634631108208588727833302523312735334868260197006535320770049626973462917148688067532492594623631263934530794850424207957690392135975475711046656084650773027123929540715111672432708108710886165383059940566175109978515074857040853503151375710826200928246964302843761330481411735183870975570594713952821008344241012437880302937212874767294828489429690253787023060553411508699708045044350802256654628471613230295378437105159508170967883257993576490
181 1051243400492234105419244214590486882885130971213030118573522398407546191587104675554656413337608748451144701887331043994968571842872938027072837589615451672227936298459129468915933635383277370139341304250580402806982814183113946379984285743355806141931632126037996515013333744666241153708254141073435312839289166930518415826644439750262076675748269645191955256075320913970162918744328797049152588024428994090987993191316017455329136775016256895233884708250642782170628174199797378516469108850614305916101645722410302923747707044273578745647390953937218626512233294983951945779424691660324359014824576135973069010124884739964196403608850379550938141232115260388694354519059859815731546086804018620559534702779390126806906022850534508797193142333583959098189458298308058834879081354546574994003183278796489618809600518453336076824076348533429464055041271531384898
182 445200341837322928433520938605782332485654080820490587160792359862889907160011238028587624647926287836851463657921406502518060807781181971883978345235050126409150945063844378068564949341752218138006261585095514371635678713294011212990571341849297455919037910791322557048339289209617236934126507513843577822967469102600676572118789636844088423663105264027967551531857820360633986379440904442711528391237632020098511627990892173093571801808715200561222196516649838487836350625730534528453437624166633071802835970755761184776970892141245840191130470531923007397838124489120445484190177786470066201371574527569673670145838072062546653831476635809864312395295629901620166717791688306675033154265260859948244572818742648360292339912637641285829117092747302899455061839515792999293970711970633903512265965167776671087198728476415827856264550908555527041553194448980241876130
183 190625122385003964430781783114753268435476684550623889478013871938919222699756771441379221237956717107421012812221110987360173492776164593208124687647500458695158729234498339336256057199255314908958552523788551246488234933747419024436313746182788936207834437315540660194200027916547440584172517962735329777451142003243274933671786520278941795826873465726797628183885781228794124822505248362241970697254807996528561460096636513160380582144415288974368936456974637121573856790457746737887592564693185310580533406311480555732591526570498228220958538160696370335900982642767100241460830616593450367489564608105376838853058810299038470178036477785483581377305850836197923284037885420553509479363039873403544690845052571954155992065311132478990263895854186539291475279281151341425105242885217878288867428308551941251048285753192349056070859212186014702273605102997413112261245002
184 82518465433291998623051329358862094175699235429958449645325428462690095222404625729992012628000252285854865460731207162526247682034024507001990249363116798648281758630581764968314340924318575175166145682831613205800495571931899578463429490833659862131265083853657009800844637673617793538842241637035052494751217834995952780862506560720121168156395283660892064382727635555317375666748123076874696128598515989082419467660718859479098120430928427262678809050888412049508096302926026248361713265724676371875541926333063536008374514226936533043509047129007758625088121158979163005814842348832227846505143946329925958021424507603070220250443503378435740354293149931768201953350573833738855997866733954462921660110972120652093441347593045929512341006530958918415823188950473356234761283667933649287857765221564360580092061892188809435597184863829869367748414745742900220771246193730122
185 36111266163495635731427311968197977657453607630520584392066826011903434067128783697274209221109649309234523094853305361047153508249860035558004866443016895193430307364680528681896884810513751523175220065152248990246716298441646791615394721939797810341589689363451079779062189190081258841981718857899657286704881914915473468075405598086231744108342976833431486452559024663405666660073708662461037916186733705801119739168892462291329608105550969179793879549458577732040936524977776083564200014580103505274970500383818467125380333389968115628276760606584480089218402673342941997712928931627425339407911819531529436079579409766531044750007370013942680139138172496423253590827587224373756851593442884091547893303857631680602493933373433533451622379782790815024452527738349259071648041448493790618358799755090439036055355293996796420501248288430401959317633939620873484917770292990431867218
186 15974575976833987457957472965129564024659833364049810334349759022283236444259209711943770381097105637087785387220243216151057829806866877066980859278196907049819777686454140906655205982599675797821497245065930326919629776742750714103180017435488669317309440716598188328216526767010655897439506060489749655183955322098850095469993176169319926756662566730791975546221113718290666815090048083140168209935543567552646998476715751242352354967341703181949908919906595619673022229287397557631188026196534758075794702358393111716968160659079353310635943214979524864376307049449256333170448110209898137821229750339116878133860872163601307780958109961057566681049616260954448366054397605702657750253189996866927805929234148303965219164095960706477970602679794964290892026356789595207002703642835134957009164160341413400773901488881326179181503995466492609395771605562185860713910116480596530343890946
187 7143084206584889850317880809927861528059710532695241480781046735404703976760670036243179868266467993553506793305042737185002808321622919629688244947042865334991834973453932086813339004280181146953884163645021494780087111208273290193498472609004338821620182821423943917494155017127032665259290373121211080416562607456174496672436021727478514466347819595677134335675041070277135862228250892244135756673635827063367201246190491115885413966660246185196613632317981748726741848537476908429564901694527080009304726960010760158202195786074843164539152674339797007138897118520892653676227684224947889911033405839709412597918433948403698137156715127374330234180727682540715286524701835559861876045997465690229870086815435357893660935225864071019711025482351477344003946440850243257147593517851950555067975414577726228479135665744555425665246867036290293799407365971176366409038613838229551096688804099914
188 3228397751749144558985219160736858519281908014455945585501237449466921901866375018361032807988610062284419594628725215592248362560226047254280767923346327369697489187507322815066955683147434730511926988437408859844621449417087874344156793033949314510364577689119891582004444956839881929283558136363910141530441684833083949099513973919380154371216733385300373324226785207958683981897616124845711880658259459613715223696263844885391448174225109663654643408194328047835433751858606548202280875651239164114079390130223825419362609290593297515369902154271607013732056184811533421372087536870164634141679314449225975429821977436685284474605439779694493166649461770400093152856410940315890510725801307356932323729890155627444684715905312674870214937730210485807634070723174884566072121238234132318718061264440368027629602748654430657025010948660894925194720026067368890163515168127657057496177652110687194242
189 1474716135045421384364052456199184968682787816433328096801719836462891001159257664592581504391314416292156534343856991732857612664327249904709032799479691097301687090479545100404750898798773164414642441665146792731749387166285245133672117194221606730165827486890830092560623908983029561501600330862963800217154378413534963183250932022325517589698116098750663226246115649930348395108786097153896185463766652493133906450241246289079329490057218990640830589757933888086330363943402429634370489408579983119049801636074137413708076715428393871694630899704938691201354316425968481137266567267489613244213006421586280706989535414012298143864217536912479859051544891958339125255682657704940045515996862010695941282074464800613270663286418568627174104134917299975563970799824260118539593226114713067678278257393522164706057186938504039141741510235300499552647765347992811708112441455052262781512448802168641414841258
190 680809351036700103934394622123342450226655346121998764591039609854193213665127664338681076781758954791481221065200885599661155992214336662249754865071987976249248705520028562322552252613962319084863633574209652737312135820828350024486558693922029217597460852021937264528682080971143483503617974968922080799642117861052247468122988447093781595618812293381407869229547336963689690660116336110209369087405617986914281210293795017849204925229688950470246355454538879697722792528300581792369688312156338234636805826447646712733963587034650712535596748991637681816738755143902427058547917957117420071567616488787089517210362288617420309485584102581706579080801664841293293620308203963407990517406833042949515939911393425618732936248093057953298485801824850185647354297835269565235666895590059618881896732509906173035819929348584394268768682439542003213870622027125886413943081481750690711191972182350366988283229556170
191 317624569548149260962638359425605539122522276984063786976252404831219033369716098773051668168447700871478598605926371348055353186347437646401015372261478068846085015042489157130101396056892912732990912840799291268975421298852932454007010671404967400299771454766343223000882618313591227643568775744967076942233660276649753522843440636343764780673498832690428459071654435790821404214650631801184831629734126029875973222547648769978976165339880739663437764613263698094523444362051312325236356390729579735719063220102652953751770130592640729660040913225463397264642280827567526122256898128482071421210288472654250607759282604141700489315628712678662410899296654121727886820828115170207352849751073407725323781604603820412961242366585702119869580073764006439147105926984275249732327866465039245071393217196241811948657991866150538346273025241964509563321589659337378158970287963020026851312548835419469784407295733877571394
192 149744275670974211490051383595019644447102853730113960688032833491196216481488429668453232402477406105406324234644333004027663634501535988987195392332872479935028297090282800147198960780390316586846864042763104024131270792763889763823654421885240956776745633121631565127909838581734042400087268165738134660106108941262181297484811090293031231901851454426865474756683337247648935943380358001456247655035546145768347991985596382906745016767540997990216250518623348290846912238318556908613450989337104574618939948432618218791865138624480811195466633035318818325402430980956449988156969507960056685910120379036527673108911332142277186711896047065565029240561830096879832854665608958904475208107456561866212559739966204035543371466126042141490195423615206193909126972860413785620575979016607766046706094348542592250375229907879147315596271063534066005966199922872382514726851417860652591075666852203002242255217017005756123890618
193 71336245313859018283735298514757152553730221664307313068205554972028363606867416826692265669699150234591831343017375961518416975828514413606170289188060290458535860612546661566014981842004725228910779327968373728506035548009385249209220519913864539484895617709616110639545858865503062903060591408216917353473781115553196839766008563107816933342921173423410388428976599940563437892841413244140314490917146113859361430951454613530867173365393607042789072017112092793254644200051721578499624004530836586966839011081731462383467257265911992620095487990958616786481189182556083473090574917095268038204455709046071688977120145283234995122128871517832344448946118959051900557652222763478348284850538742109123577092802341584844281367115762513053424749943529037631920219642544698103200883865177702977551632403283081748728872987137026879725587285923193713029567600325434679383580722883512391721541454242073221806141380575331326713758958050
194 34337660542040604407368211266746728026869948172590772565683645759148027263791842131929706623425135974254182849456737074835218254121257353218027750374573020657665145962187528700617118947383433807567189800816261924033310503093194079616413482713862326851973477098941267641491522199741591824851128186572102612645473482804854359391484351880724965927938627299287254881488231903675890427325398611698124606575437649317329354516374219649157340498573647886896650617149474552153613347324994669958477416605256972997332176648904454937344981758713470640777340139239582982771774265278370019116887253160821260830114313023643789395500092210949243583293884729127766074673337198841629470671421936984686984830952086159965912081335249294913498691997023083232948632498791606705392273929544259578391386879426592405196579889915509869678294642669085786285717950510409122401669822589727827121179878269423352560788835035777993993306561045665410811190408842910098
195 16699689603966018107489031643812967566235095977064473750425700155250495923836111293090785140855433974201850557204452816964729871032831108643875968716809837831937554255917043528457552667028354525723541456844224594288262207966682370824887633101977363933412516314602882670371983091279754150984542870430903843111694765928552708332076862566462528976656263423505267861020483038769424670802928583531278513081951848391569481228554551333709224610414014442387562700077289191385178784707755882810553901598919542248135101994107337811009558857332079835732768920130825651477434862246114618424961641101739890595842443177738483752116586703785033032051943790323274165977005427371613872482239565765453100028953540350836472579413801323201332585548618316852361398567357764176417961628167067898392613318237234162135605402921181864876759628668905857241534542840304443091652632999028741806673627663200088156436055464407462659927488405153975187369081110268337519258
196 8205411682591130909837244387511257071407271174111329463704278184186848314265552755664473093946794506083091490248811221629207615977859837240803030961538284740926771111225187939022139058654777560404771340270569191096731389094049198673568009722685701035131129431779281339224902233703115243517621247312278706620345162580825423283060646643564246315420629604285052380756311501264178011235095439118038540960427706217770702933765990980157559683379779290124584149135244863389705979453113641403713229179830453919919127870016313127776286306526097331556710664593846046194718637769575720242794186469023125271502340019277294285428895129675692842807502055088651776583220744342701930625880729794074078129227178864128016270283142623141280683596777328650984478630655287894166221982888634104095389362970962235646761575855722331634445868488646536517778220386190281272046344571779959040820129942557199205217276787128945640058998406561059816981668626580628797690172194
197 4073089061092564822206663752485781322056732980396667575855654342406691143663080854550564269303266454653966479649231776636739297348397159341663770941999071294594668928253100073916290261710194094991765801682010770832633191649011785728663908343460068013766487383810709584077462780535210848755288447448410844321292813181418795025967813893358825402621439994646309897103458064953176869843840178064466677756274779712005835942945251298593298528956147472988998491455886295715607979530938915519889111314346563079194203547047746706636188250838141168284899352958675975318257326407453985711005983372011617758390512904780616673395101624577500852291342510786638327546822988766306496337649807552622339519547426004136513674299282877763449104288838050073058653663442739879161767696088889204097453418893620460234922039171421732864006208272636266891535425508828675182715765378875011058855092051467573796722049747360272895476458234990041669444757880620844177999707877820650
198 2042473812409419140057414681725127436090720553123153707313873429425766566230061556735724096881549918185782227291846821434285640762969421760195773382460112387819672523141623302030302436537664682284984823957945943270578361434756393478169068950261711394085003104700744314579827353679902616548403169710463030941019181987498114755049381184540088269373089370588271576885236906523731172299126602748010173097934658940745141493875322156975942543531527410392405492598197025978996754439779144651769700206855822903056997222998929032703180584695821262503733913334465964601663011975207041614293706860992011093194650549427034495321859649558880806321221263312801730615318328994492832916133672367228363903487883509780455212999937298108185101970006034200083062514682338807529772077794375285093563812529481392631815058309529514174230205068241979378733518274122156840938555921861619869268095898571602436192789451227879902710879337754287721374910968719151695967639194676473920250
199 1034608112263322952136852835789063041782276859066791206167931422326517439386193320240771633177398616944631036335424678271120684698170975505564211313861261030787943916707287590957269218742235089725079412485618486149506043314158739075264371407766700934578134266249131693619077443442960175632060254355843361964661260021455601601090115687500058734011921907227164238243768129504816622757618441217512574091500662747963383378878320878003342490941711776972454557770485238231793499323561763041343597260604068077595518418160349986456818647479611157625571124459194238774083590845144907018190502371616260219194068625614780272689912066221670219942975605621254848287071868341801673620515538889312651906670855427489532429356878220791579652355521480233357215267244560370939351071965056923687857440379044832586220629775436115194662428355775855602193846724501886276803728043944524444812870895459885385019228891485856626404579404172690193572870353546675443081205955341910494643187762
200 529370833668520753650330610461042138278918001797592682823531333528827860998800160464810558961800571865582417905378946220492248696523112396741414400296969010806126483474568120918319410134015175048087052155569033963006735055507984608014105136745067015349969568675494391782868484312240002603772816349283303097061431731084458328773674727709739064029469684572229521343305434352230076979938442150120578843047217856801096465341343510424256548620764065289238008659947409764352946452977743583249858754146230095305203512652051826748529142969740978502890131652317797245235484347921825396670415827591882754511445743394976424080358405129754769750316781833706564100362736774432972945095949049914024424383558083969849044828840392068651291670519709731345109252407570335628124701474445534197766912514316992356162957946075041931939436820066635425969450788694906501407136512256303460832611301100676416597132621186878162610961194402955486159579472481292504836782756068947965241768262095938
