# Computed from the proved recurrence; not an official OEIS b-file.
0 1
1 1
2 1
3 3
4 6
5 18
6 47
7 139
8 405
9 1225
10 3740
11 11602
12 36357
13 115049
14 366969
15 1178791
16 3809802
17 12380078
18 40423803
19 132564051
20 436417933
21 1441809621
22 4778632088
23 15884348886
24 52941973417
25 176889898401
26 592374142673
27 1987954027307
28 6684494576974
29 22517715819578
30 75983791423879
31 256809375665355
32 869262494471781
33 2946469358743265
34 10000645973989812
35 33985728711070154
36 115631861349194285
37 393861251950864425
38 1342976429390893961
39 4583839975096719311
40 15660467184801255954
41 53551798035278670198
42 183281562663673184787
43 627800245387204413811
44 2152117343810763136669
45 7383070911392746684845
46 25346652076255324710832
47 87076985393333408289646
48 299345654160414064229073
49 1029716450268798360981121
50 3544267516076863492473633
51 12206443925547966254777043
52 42062580770559480828078230
53 145023230697603378174430498
54 500271158484546420642091231
55 1726598591605080406668583883
56 5961939441447936993365432501
57 20596178282362570455888389113
58 71183879095809145098829359180
59 246130798876563744588916652802
60 851399283752203696694772963029
61 2946304461882591332057292743721
62 10199838473510862792828082053401
63 35324405983755203287853011083383
64 122381894374201931399811308630298
65 424145899372915339286083088798462
66 1470498077860817724823553794105259
67 5099883292555256156027060123392851
68 17692870581574968501475741156642605
69 61400871546659584432747568749313157
70 213149836422334872739046494824858184
71 740160546837437426051460968100025030
72 2570950438531349437975659699918750585
73 8932743304701764806394380708507297441
74 31045313734316006978163653700319199473
75 107925509358145172919598312205369178363
76 375289096935854245002661967106297635806
77 1305324905953545106685271282818311160010
78 4541290695167341775358721008959650724919
79 15803207880186652013950993803255880642955
80 55006479330599150744745390798821378841733
81 191506077606985021002328181133071416298001
82 666881934328326239081641326895411671560292
83 2322793885280372040063667174411455831976698
84 8092178614237600686723873382299793229073917
85 28197533755284361293126880375350460982698345
86 98275567374130208288358920569253263345778217
87 342583724819480935134181964860312760359987359
88 1194462883947280762672091853163186575066947874
89 4165445486626877557597585155609170007189180998
90 14528851228015228842841801740907518395761784899
91 50685104493359857988506519818888316243188491763
92 176850765441388767285333230718031657348899953469
93 617176534312878804329447066321546582987604786013
94 2154200485406801588983088237502201749122468178272
95 7520306226760620662243805799913841797306794683870
96 26257665502859439959415208110112407510486125759393
97 91695159989592286167532850510052339005144582224385
98 320261702654171330776338793329200281851670503771201
99 1118743489529476390742286094556468970965961839329187
100 3908603483077029299249403795038863601123127529378086
101 13657681883694078571036764615008057380758060236358962
102 47730435504106257618543397625833509693046145361990031
103 166830559089956734983322067723791555104949255742472715
104 583198543765552520861099484988980038301634746223048149
105 2038997630809194592390508652225396139499978145748748073
106 7129767302016659927997096158796909806023496066959271932
107 24933959280264840150504172659502566019117680218397066162
108 87209406876636608023220138306843072898554768414404577701
109 305063737634601042842946437732989590067119192504791067625
110 1067264359461121534626847375183856118574611925330550646457
111 3734277755649853494189348050085092842172385924294055920199
112 13067528960941170315455420911525369463356605107988062667818
113 45733205666552167620278228243243190496978981245646465529166
114 160073793680939294234847791768212898924821338381442928810459
115 560348709061739324285031942160289443293320495412042165400915
116 1961756975516883519167852791173663308053697323994508062185165
117 6868784574987004250710611624756254633615995732182005142701109
118 24052578274871207044502568924747976188774320971462598145594104
119 84234429388646101686938487239352269557760490713201088676120246
120 295027929021308069226767718369331700331434304281992123928780105
121 1033430709935353847340360192071970434231954498086453166859662497
122 3620292020014418671567400909346613524767675733926228935015342353
123 12683792710520864196697963670568377631068444889881835626491496651
124 44442375465438511442787085245559235647228886521178205046801551982
125 155735387341974064111096469651838015516244994217777692272135571546
126 545781236716447406715169396854203285965016577027035114450149760743
127 1912892200893960687463165239180059539487583572117256656225916256587
128 6705055237619910740885399242682257663035578189049141153809869174949
129 23504638317120004805845261905995709077057038721605939452522801643841
130 82403096212022216287952221530447922815828602407424466602194460345620
131 288916031901845138545982669103206664511267432107573131902344834697002
132 1013065041675291783301400438418534606622751687061207149261897719911373
133 3552548609654528777030170646107799767952026392517380757398371863752617
134 12458885351671337313172064258458176718232381899071673602401955171899081
135 43697266527125402635544474338179109498594196137597191379167837761027951
136 153272677866342367867281978371006685015979424538055667524876552174795826
137 537662933072017647514548809877854481898985505139692508819640079521311254
138 1886209035885979750629124089368978521779896011229077804500707954295149171
139 6617644353528988278875023312635282490641069256786226818894444331403867507
140 23219369410841048650842258294656828330514421385298005909184154669630608861
141 81476120236950433157616187121235562741919876598385825771763488081205419277
142 285918803988178086391849229250127289127797559126616323061615661682184418576
143 1003430047732731697943564734375180832412493684683608628400923251960754937678
144 3521786679287948597750413737953477923972558127916218700759994535832659591793
145 12361469951630243000937660864746138111572578739375813672661428736921727574657
146 43391822277619023330112083633002931678383535084954365941596503281930694949729
147 152326668547953169755156065334285254625919720924225888332389007381186870068851
148 534778419510712702501670940982186867093211547368690755861449566462116683631030
149 1877592218849546468679829827261415798596029764284026200671381237370767622969410
150 6592615718637360187789021896921994943916380571229472083658114584770298896200255
151 23149570778977582083610647374225637232537417422047092166830015682613080602917707
152 81293616436912940301161049575181504907423172870051748471737188907352493483129077
153 285494597732954103705135757755881916318653365966903890979784750035723213201022553
154 1002690574524398918756928818143157590558326277223045029952871000032931105531608492
155 3521787939180598919892597463532128780866975898721761232815621629258395755875145570
156 12370474372802813167617694597826192939891362029373843194456873955738606722375267957
157 43454629026937445042580698002156799568578773156783316274628796604114191803642542249
158 152655320210820598091787683653491547453993071623044198503831402038041683678068247129
159 536307312063101385412591711253759497966537187197044419701500872547108185260430995991
160 1884260936122071866236534931645799443205630940121427631788359353813696210006028397370
161 6620542937359791803335429397725138351448838962932988605111020911462378234282267786910
162 23263287760598190448808557026948405939869346192570734762526771005010082257025639772171
163 81747258696274242673034297141596125292425711344341287544848570370055717849997330985555
164 287276183229274611229276037461426508528140601720580072081415039501016818441626717498477
165 1009601694101390485645869767607898206473841852172607472458901393163420160109053697084389
166 3548332054122187866562696739945290538508091822420866282852982339929823292746032991356328
167 12471591853557834065473031242933630687787328349184383539968172008143062908409497780771238
168 43837188940172475902274854671878986339104993363067613944885764602435020000849980439840025
169 154094239311175255781972931388018279360183172559143565932614296407578262385863189103914913
170 541692395266254233870491674854529401445431044472087784585568092663359354695403339516254001
171 1904326622613279514677804850188014959412609507727436851924315021184202040768138559000357531
172 6695025635930942133695522623956141561887308396074713917600820305619195208340969527400978686
173 23538831469533091379638465045830313914656769039409649482728924843965562681055963258501096170
174 82763558173950700648232605933510067036538141798982270037095992297720402958767528545409997207
175 291014588072602868439494959697332800877054952273924382050783827509677536235505914793783630859
176 1023320033199473725644534416235175937492501907204439771474575292442271944070121963704566123205
177 3598562617299011937546568434935920923444946903692178489596094497477622541546980826889724265585
178 12655149768374207142084058694701433844878737183092263731113354416902944359394524219387197147076
179 44506754011350502367517823171486041295170188617674765242432094237714382718555095473455305225818
180 156532576486507243178963707644837805862528553031077965645000693622399606090270523878776777096093
181 550558540134157285003306002389169334851289846818996449740773248967786080065523249660300273955561
182 1936520113941839658288461016157385600424274462744918341559661286973152719975972970760793240157545
183 6811771068590346104345249884818812661721995960729438568055068486243341165749676051683149149531199
184 23961686735655416849924671445686539783873881084811700046343436150517329811558798543388125328438082
185 84293450327478642158797255632197986467845559695495182182605539023533168883886569621311669982748902
186 296544021501192936958572504851656333555892192606440076786768530280862908751129561277629568390824099
187 1043285592664153112318328706659480860826515719703280048806042014849243799965031166330704953522853875
188 3670588872404731131421043319805301057364841367395686423054457311635580130047899256272462634965249661
189 12914767089693601996000118641035159278596418276773224693934963749702214521558919466110610980467480253
190 45441799533050139717734502305384813242406903324553505821684909372735055606569090389627581258923506368
191 159897761420603564217911324160929368271709377502912847785024604902242567232221881147254620402187876286
192 562661213278818283969313130241755554212493063280559183871404530000029328173939453754183144509344198465
193 1980017925379805357380058635655880912023870241589099834675346912908793968175225685772691641332749559809
194 6968007891458919092313836821740681676977589588930352667782231422818924052969500322002341127432466280577
195 24522533466234987040566065017428316212977231347062016984974474657354496170617995452603503655618938709827
196 86305615251143823713840130583600650696388769248913010006999835022371783624575864938617490392527305531974
197 303759320207788381433562384764573147936278763639735945394574503844459001167688203673079753011462080624210
198 1069145577668089922814360968479140213709190593085905210394374451750098300814175311765099778763776945890031
199 3763228425909598221789261683272644155180659354473605181961978517740595053201141661984491758148971056918411
200 13246485158663996395275136257825847947754959786036229506570395713162972849609437826217967520684506974192149
