1 (1, 1) 0.01 1.6344939307e-01
1 (2, 1) 0.01 4.6069245282e-01
1 (0, 2) 0.01 2.4897215711e-01
1 (1, 2) 0.01 1.7682030135e+00
1 (1, 1) 0.001 3.0587602464e-02
1 (2, 1) 0.001 1.4930349112e-01
1 (0, 2) 0.001 7.2422469333e-02
1 (1, 2) 0.001 7.0392943888e-01
1 (1, 1) 0.0001 5.0120208449e-03
1 (2, 1) 0.0001 3.4484221183e-02
1 (0, 2) 0.0001 1.5880631481e-02
1 (1, 2) 0.0001 2.0368074676e-01
1 (1, 1) 1e-05 7.4952635296e-04
1 (2, 1) 1e-05 6.6317496470e-03
1 (0, 2) 1e-05 2.9626065373e-03
1 (1, 2) 1e-05 4.7670926672e-02
0.5 (1, 1) 0.01 1.3673695659e-01
0.5 (2, 1) 0.01 6.7701107241e-01
0.5 (0, 2) 0.01 2.6243545159e-01
0.5 (1, 2) 0.01 1.8924744220e+00
0.5 (1, 1) 0.001 2.7912254765e-02
0.5 (2, 1) 0.001 1.8920916338e-01
0.5 (0, 2) 0.001 7.3770552439e-02
0.5 (1, 2) 0.001 7.6399877861e-01
0.5 (1, 1) 0.0001 4.7444449738e-03
0.5 (2, 1) 0.0001 4.1035168884e-02
0.5 (0, 2) 0.0001 1.6015457362e-02
0.5 (1, 2) 0.0001 2.1916157323e-01
0.5 (1, 1) 1e-05 7.2276835386e-04
0.5 (2, 1) 1e-05 7.6163511388e-03
0.5 (0, 2) 1e-05 2.9760892981e-03
0.5 (1, 2) 1e-05 5.0806515920e-02
