0 1
1 3.701101650408509482386
2 13.69815342665659273907
3 33.79883883663179662202
4 78.18308637509323067577
5 156.2563170091198478384
6 296.3000158015081718921
7 522.8370125081430729863
8 886.3262742946168708524
9 1438.915953128086778312
10 2265.66168054616253813
11 3463.478178421284739086
12 5170.563675584963232446
13 7551.619133793634605745
14 10824.19525297058424496
15 15251.43020398928480663
16 21165.71967710074470226
17 28969.04607881879386078
18 39155.33475754055556806
19 52317.9758730441983765
20 69172.59408775319032259
21 90571.38086466694232968
22 117528.0250443955746888
23 151238.7350730205505869
24 193110.9652693724243022
25 244791.346715863612161
26 308199.7242460944723064
27 385564.5452904467571216
28 479463.6512850761596098
29 592867.9653045894233401
30 729190.472639558021001
31 892339.2995296460732675
32 1086776.365854057322622
33 1317581.169111792788613
34 1590520.686475778824729
35 1912125.38279660249259
36 2289772.069088226621034
37 2731773.851376446504219
38 3247477.809978019159189
39 3847370.805341128097325
40 4543194.021938428697013
41 5348066.753270445793532
42 6276620.052680070538827
43 7345140.836024099920451
44 8571727.097617709043334
45 9976454.898144098093326
46 11581557.83662091033693
47 13411619.73459980973621
48 15493781.30448364966469
49 17857961.60022909105282
50 20537095.08886180723675
51 23567385.21376664641139
52 26988575.36038554141851
53 30844238.17167426524247
54 35182084.20138461166789
55 40054290.9332447618981
56 45517853.23666005934138
57 51634956.37247870071224
58 58473372.70718050519645
59 66106883.3395667108307
60 74615725.89136674586189
61 84087069.76169861677045
62 94615520.1953630595599
63 106303652.5663356869482
64 119262578.3307160519544
65 133612544.1577317232513
66 149483565.8032721249474
67 167016098.347828034035
68 186361744.4796968274459
69 207684002.5648922140972
70 231159056.3074138058873
71 256976607.8674092357978
72 285340756.3703368661809
73 316470923.8075387261051
74 350602830.3976960763393
75 387989521.549495107145
76 428902448.6385120555351
77 473632605.8858684162551
78 522491725.7026424560463
79 575813534.9423870985047
80 633955074.584431543597
81 697298085.4529699173872
82 766250462.6613006727421
83 841247781.5570115153678
84 922754898.0324429837056
85 1011267626.155446512101
86 1107314496.168317386298
87 1211458595.99786740588
88 1324299499.516944713308
89 1446475284.897348001134
90 1578664646.496058468241
91 1721589103.821065257653
92 1876015311.22982889961
93 2042757472.122653209139
94 2222679861.50496032997
95 2416699460.90672781039
96 2625788709.76419288083
97 2850978377.48840006208
98 3093360560.567306973971
99 3354091809.17301329528
100 3634396387.873283314984
101 3935569675.176937974989
102 4258981706.775942790555
103 4606080867.483159083407
104 4978397737.003803683911
105 5377549094.820723151322
106 5805242089.618679783307
107 6263278578.821015764493
108 6753559643.963356915861
109 7278090287.783487244975
110 7838984319.064219053835
111 8438469431.427050416823
112 9078892482.438692653552
113 9762724979.560215710662
114 10492568779.63965049293
115 11271162008.82345596422
116 12101385209.94035770465
117 12986267724.59274649993
118 13928994317.37614395004
119 14932912049.8362511564
120 16001537411.96585083194
121 17138563719.24038793519
122 18347868783.39146493562
123 19633522865.32181139663
124 20999796918.77358070016
125 22451171133.57414686494
126 23992343787.49997973256
127 25628240416.01972597651
128 27364023309.40237564594
129 29205101346.90540929884
130 31157140177.99115964398
131 33226072760.75734510086
132 35418110268.00990249962
133 37739753371.65292467177
134 40197803916.32175885513
135 42799376993.44120713323
136 45551913427.15135496855
137 48463192683.80890275538
138 51541346217.04205427319
139 54794871260.61209018528
140 58232645081.61479211971
141 61863939706.83994982392
142 65698437135.39734916016
143 69746245051.012970604
144 74017913047.69969599694
145 78524449382.81269563735
146 83277338271.81091883779
147 88288557739.36281073838
148 93570598041.75659779459
149 99136480675.90329733491
150 104999777990.554086186
151 111174633415.6928832009
152 117675782326.4100365266
153 124518573557.9139327258
154 131718991588.6942390501
155 139293679409.2134280056
156 147259962093.8722934872
157 155635871094.3704277575
158 164440169272.9641679525
159 173692376694.5124195814
160 183412797196.5951023102
161 193622545757.3898230642
162 204343576681.3998432308
163 215598712623.5405549407
164 227411674472.5125987679
165 239807112114.8175256103
166 252810636101.2066156864
167 266448850237.7952007949
168 280749385124.5236813128
169 295740932664.1024721265
170 311453281565.0414423347
171 327917353862.8351169825
172 345165242483.8530812562
173 363230249876.9707508981
174 382146927738.4690470695
175 401951117856.232624054
176 422679994099.785241276
177 444372105583.2177409828
178 467067421028.5889793336
179 490807374357.9130653739
180 515634911542.3874751627
181 541594538738.066134572
182 568732371737.7394928336
183 597096186769.350045085
184 626735472671.8468024731
185 657701484479.9659516811
186 690047298450.0174976587
187 723827868559.3591426015
188 759100084512.8491225839
189 795922831290.1893110275
190 834357050268.698700428
191 874465801956.6955052018
192 916314330373.3136896491
193 959970129111.2368258834
194 1005503009119.498934269
195 1052985168244.178464293
196 1102491262565.497942328
197 1154098479570.538163781
198 1207886613201.482244611
199 1263938140820.021482706
200 1322338302129.281942725
201 1383175180095.368057251
202 1446539783911.367473364
203 1512526134047.419968486
204 1581231349431.222632051
205 1652755736804.123787403
206 1727202882298.749417543
207 1804679745284.908287764
208 1885296754531.335652947
209 1969167906731.660503268
210 2056410867443.817884684
211 2147147074492.976036072
212 2241501843888.90804553
213 2339604478309.609573603
214 2441588378203.848044872
215 2547591155566.224691153
216 2657754750439.239094734
217 2772225550197.766519547
218 2891154511672.291508198
219 3014697286168.18705368
220 3143014347439.287290573
221 3276271122674.973211765
222 3414638126560.975538969
223 3558291098475.096701384
224 3707411142880.065035343
225 3862184872976.758962393
226 4022804557682.077147245
227 4189468271996.782662392
228 4362380050829.715080023
229 4541750046345.844380379
230 4727794688906.734686852
231 4920736851673.094323635
232 5120806018940.21162653
233 5328238458278.213509083
234 5543277396550.236142159
235 5766173199882.764358521
236 5997183557663.578745842
237 6236573670643.946950436
238 6484616443222.908671856
239 6741592679992.732290745
240 7007791286625.865261555
241 7283509475184.96038866
242 7569052973938.836143017
243 7864736241768.521334648
244 8170882687248.842971325
245 8487824892492.341088772
246 8815904841843.636001587
247 9155474155513.731811523
248 9506894328245.115463257
249 9870536973099.903149605
250 10246784070464.69574547
251 10636028222367.23226452
252 11038672912201.37531948
253 11455132769958.42534161
254 11885833843064.24111652
255 12331213872923.14309788
256 12791722577271.09328556
257 13267821938442.18118095
258 13759986497653.99987602
259 14268703655419.06962013
260 14794473978191.0586338
261 15337811511356.16255856
262 15899244098681.63492966
263 16479313708335.11174393
264 17078576765590.04353237
265 17697604492334.23878288
266 18336983253500.23300934
267 18997314910537.92873573
268 19679217182051.70289993
269 20383324011725.95051384
270 21110285943664.82623672
271 21860770505273.75984573
272 22635462597812.15693092
273 23435064894748.55316353
274 24260298248051.36909103
275 25111902102550.31306458
276 25990634918505.40244675
277 26897274602522.51834297
278 27832618946956.37650299
279 28797486077943.78721428
280 29792714912212.09025574
281 30819165622809.68701935
282 31877720113907.65169525
283 32969282504823.48640823
284 34094779623420.19216728
285 35255161509035.95829391
286 36451401925101.92816925
287 37684498881607.67845535
288 38955475167576.2532196
289 40265378893712.82315445
290 41615284045393.29431534
291 43006291046161.46984482
292 44439527331905.67321014
293 45916147935888.07188416
294 47437336084802.29700089
295 49004303806037.33720779
296 50618292546328.09410858
297 52280573801975.42247009
298 53992449760820.94109726
299 55755253956164.39012909
300 57570351932813.82758713
301 59439141925461.50300217
302 61363055549580.8183403
303 63343558505042.38737869
304 65382151292649.83358765
305 67480369943798.62425613
306 69639786763463.92496872
307 71862011086726.17414093
308 74148690049045.8219223
309 76501509370501.45248413
310 78922194154208.3123703
311 81412509699137.10255432
312 83974262327555.75556946
313 86609300227319.81510925
314 89319514309239.96083069
315 92106839079758.17850494
316 94973253529167.06417847
317 97920782035609.77088928
318 100951495285101.1586761
319 104067511207813.7927017
320 107270995930875.5509338
321 110564164747928.752037
322 113949283105703.8965759
323 117428667607864.329895
324 121004687036381.3844528
325 124679763390702.8417816
326 128456372944980.871666
327 132337047323628.9570084
328 136324374595480.6991501
329 140421000386826.8189926
330 144629629013610.1257629
331 148953024633061.7162933
332 153394012415065.1957703
333 157955479733539.2740326
334 162640377378132.6912079
335 167451720786529.0636902
336 172392591297662.9143066
337 177466137426151.8618011
338 182675576158253.6930084
339 188024194269660.8274689
340 193515349665448.5086517
341 199152472742496.9188843
342 204939067774711.3170471
343 210878714321368.2388153
344 216975068658919.7796936
345 223231865236592.0009613
346 229652918156117.5591736
347 236242122675946.7597961
348 243003456740285.3772583
349 249940982533311.7657776
350 257058848058930.0087891
351 264361288746420.1200104
352 271852629082350.6169128
353 279537284269123.1358948
354 287419761910523.1522522
355 295504663724655.3013611
356 303796687284646.2780762
357 312300627787502.811676
358 321021379851516.7816467
359 329963939342614.1485291
360 339133405230049.0310974
361 348534981471848.9598389
362 358173978930422.0836792
363 368055817318741.8977356
364 378186027177529.897583
365 388570251883861.4494629
366 399214249691625.09729
367 410123895804270.504364
368 421305184480285.2537842
369 432764231171845.8052368
370 444507274697093.0267029
371 456540679446487.8910828
372 468870937623708.1455078
373 481504671521552.0314636
374 494448635833320.4508667
375 507709720000154.342865
376 521294950594809.4539185
377 535211493742356.1548462
378 549466657578297.479126
379 564067894744604.1291504
380 579022804924170.8225098
381 594339137414204.0281372
382 610024793739056.8699951
383 626087830303032.7623901
384 642536461083685.1755371
385 659379060366146.821167
386 676624165519027.4944458
387 694280479812425.807312
388 712356875278606.104248
389 730862395615897.9616699
390 749806259136381.8405151
391 769197861757930.6829224
392 789046780041183.5267944
393 809362774272033.5452881
394 830155791590219.3199463
395 851435969164614.6018677
396 873213637415818.3336182
397 895499323286653.2712402
398 918303753561188.1786499
399 941637858232905.2537231
400 965512773922641.199585
401 989939847346937.1613159
402 1014930638837439.624573
403 1040496925912001.301941
404 1066650706898138.033081
405 1093404204609504.779053
406 1120769870076060.914368
407 1148760386328602.2052
408 1177388672238344.107422
409 1206667886412248.335571
410 1236611431144792.025269
411 1267232956426886.260254
412 1298546364012658.238037
413 1330565811544818.925049
414 1363305716739345.693604
415 1396780761630217.139282
416 1431005896874945.05188
417 1465996346121656.362183
418 1501767610438485.789307
419 1538335472806047.904541
420 1575716002673765.369751
421 1613925560580838.234375
422 1652980802842647.362549
423 1692898686303393.324951
424 1733696473155780.422729
425 1775391735828563.916382
426 1818002361942787.010986
427 1861546559337542.694824
428 1906042861166104.15979
429 1951510131063276.223267
430 1997967568384828.94751
431 2045434713519883.496826
432 2093931453277129.198853
433 2143478026345759.771118
434 2194095028832025.753784
435 2245803419872309.337158
436 2298624527323637.005127
437 2352580053532554.726074
438 2407692081183299.80127
439 2463983079226212.958008
440 2521475908887343.809326
441 2580193829760212.436279
442 2640160505980699.550537
443 2701400012486047.484375
444 2763936841358964.127197
445 2827795908257831.875732
446 2893002558934033.704102
447 2959582575837418.579346
448 3027562184810938.645996
449 3096968061875500.896973
450 3167827340106086.420654
451 3240167616600200.765381
452 3314016959539729.521729
453 3389403915347283.8396
454 3466357515938131.330322
455 3544907286068818.605225
456 3625083250783602.598877
457 3706915942959818.81543
458 3790436410953325.709473
459 3875676226345175.577637
460 3962667491790673.60498
461 4051442848971998.042236
462 4142035486655565.952637
463 4234479148855340.482422
464 4328808143103287.252441
465 4425057348828199.182129
466 4523262225844120.880371
467 4623458822949615.639648
468 4725683786639130.100098
469 4829974369927723.724609
470 4936368441290442.462891
471 5044904493717628.253418
472 5155621653887468.435059
473 5268559691457101.616699
474 5383759028473609.172363
475 5501260748906234.216797
476 5621106608301182.709473
477 5743339043560374.257812
478 5868001182845523.17627
479 5995136855608943.46582
480 6124790602752484.605957
481 6257007686916018.34375
482 6391834102896910.10791
483 6529316588201922.181641
484 6669502633733009.416504
485 6812440494608481.999512
486 6958179201121023.644043
487 7106768569834067.514648
488 7258259214818046.27832
489 7412702559028046.844727
490 7570150845824414.639648
491 7730657150637866.654785
492 7894275392780687.02832
493 8061060347405593.538574
494 8231067657613878.112793
495 8404353846714439.316895
496 8580976330635339.750488
497 8760993430489536.351074
498 8944464385296446.812012
499 9131449364861030.624023
500 9322009482812078.695312
501 9516206809801421.026367
502 9714104386865777.628906
503 9915766238952993.624023
504 10121257388614415.38184
505 10330643869865180.6084
506 10543992742214211.4082
507 10761372104865715.66699
508 10982851111094018.45117
509 11208499982793561.69043
510 11438390025205927.02832
511 11672593641825753.5293
512 11911184349487438.78516
513 12154236793634529.05566
514 12401826763773721.20312
515 12654031209115416.43848
516 12910928254402783.40723
517 13172597215931305.5625
518 13439118617760805.58496
519 13710574208121957.31055
520 13987046976019313.65527
521 14268621168032897.0498
522 14555382305320417.13672
523 14847417200822198.83789
524 15144813976670922.37305
525 15447662081808295.42285
526 15756052309810796.43457
527 16070076816926646.90918
528 16389829140326189.62109
529 16715404216567868.81445
530 17046898400282027.83594
531 17384409483074759.05176
532 17728036712654060.55566
533 18077880812180573.90234
534 18434043999845196.98438
535 18796630008675886.28125
536 19165744106575982.76953
537 19541493116596416.29688
538 19923985437444163.52344
539 20313331064229355.29688
540 20709641609453450.06641
541 21113030324240910.88867
542 21523612119816844.62891
543 21941503589233083.25195
544 22366823029345208.46484
545 22799690463043042.5293
546 23240227661737149.75586
547 23688558168103915.05469
548 24144807319091787.95703
549 24609102269191302.67578
550 25081572013971507.09961
551 25562347413885456.14453
552 26051561218347447.51758
553 26549348090084700.76953
554 27055844629766203.52148
555 27571189400911471.83789
556 28095522955081995.08398
557 28628987857358159.08008
558 29171728712104464.98047
559 29723892189025885.0918
560 30285627049518220.93555
561 30857084173315352.86133
562 31438416585436294.97656
563 32029779483434993.52148
564 32631330264955831.60938
565 33243228555597827.98047
566 33865636237090542.52148
567 34498717475784726.40625
568 35142638751460780.1543
569 35797568886458108.41406
570 36463679075128485.97656
571 37141142913616575.5
572 37830136429970763.38672
573 38530838114587506.67188
574 39243428950992410.08594
575 39968092446961279.22656
576 40705014665984422.40234
577 41454384259077500.9375
578 42216392496942254.74219
579 42991233302480457.41016
580 43779103283664482.65234
581 44580201766767891.60547
582 45394730829959478.61719
583 46222895337264241.0625
584 47064902972894767.23828
585 47920964275956564.81641
586 48791292675530881.19141
587 49676104526138595.74219
588 50575619143588793.4375
589 51490058841215658.26562
590 52419648966507354.69531
591 53364617938130594.95703
592 54325197283354619.9375
593 55301621675878351.53906
594 56294128974064504.74219
595 57302960259584478.10938
596 58328359876477872.25391
597 59370575470630516.66406
598 60429858029674916.53125
599 61506461923317062.51562
600 62600644944093578.05859
601 63712668348563210.52344
602 64842796898936704.56641
603 65991298905149128.27734
604 67158446267378755.18359
605 68344514519016637.67578
606 69549782870091040.50391
607 70774534251150935.93359
608 72019055357612795.54297
609 73283636694574947.14844
610 74568572622103799.14062
611 75874161400996268.39844
612 77200705239022782.35156
613 78548510337655260.04688
614 79917886939284511.64062
615 81309149374931531.07812
616 82722616112457191.19531
617 84158609805274886.50781
618 85617457341570703.98438
619 87099489894035738.29688
620 88605042970115203.97656
621 90134456462779033.17188
622 91688074701818684.28125
623 93266246505674923.5
624 94869325233801378.42188
625 96497668839568699.92969
626 98151639923714206.30469
627 99831605788341921.04688
628 101537938491477954.0781
629 103271014902186214.0781
630 105031216756249478.3828
631 106818930712420885.3594
632 108634548409250953.4844
633 110478466522495270.2578
634 112351086823108033.9766
635 114252816235826670.6953
636 116184066898352789.1172
637 118145256221134776.2578
638 120136806947757377.1953
639 122159147215943643.1406
640 124212710619174673
641 126297936268932615.1484
642 128415268857572437.2891
643 130565158721828014.6719
644 132748061906958128.5312
645 134964440231538009.4141
646 137214761352902102.5391
647 139499498833243775.1016
648 141819132206377729.1094
649 144174147045170926.2031
650 146565035029647875.2969
651 148992294015776177.4062
652 151456428104938266.5312
653 153957947714095330.2656
654 156497369646649438.2969
655 159075217164009952.3125
656 161692020057870336.5156
657 164348314723201533.0469
658 167044644231968113.4062
659 169781558407573462.7031
660 172559613900040300.3594
661 175379374261932887.9375
662 178241410025027321.6094
663 181146298777736354.6094
664 184094625243295242.7344
665 187086981358715153.5781
666 190123966354510729.5625
667 193206186835208442.1719
668 196334256860642425.25
669 199508798028044523.1562
670 202730439554935340.1562
671 205999818362823126.9062
672 209317579161717389.9844
673 212684374535464161.4688
674 216100865027909915.6719
675 219567719229901172.1094
676 223085613867126874.4844
677 226655233888810687.8594
678 230277272557260407.9219
679 233952431538281728.8125
680 237681420992463668.7969
681 241464959667343006.1562
682 245303774990455130.7344
683 249198603163278770.8125
684 253150189256082108.6875
685 257159287303677852.9844
686 261226660402094889.9688
687 265353080806174192.0469
688 269539330028096715.8906
689 273786198936851079.5625
690 278094487858648863.0938
691 282465006678295433.9688
692 286898574941524255.3906
693 291396021958302692.7188
694 295958186907117390.3438
695 300585918940247349.5312
696 305280077290032895.7188
697 310041531376148782.0625
698 314871160913889735.5312
699 319769856023476810.125
700 324738517340392971.7812
701 329778056126756400.1562
702 334889394383740051.1875
703 340073464965046086.5312
704 345331211691443835.875
705 350663589466380020.1875
706 356071564392670025.3438
707 361556113890279077.875
708 367118226815202236.5625
709 372758903579452177.3125
710 378479156272163811.4375
711 384280008781824840.7188
712 390162496919641417.3125
713 396127668544048140.625
714 402176583686371688.2188
715 408310314677657441.8438
716 414529946276668537.4375
717 420836575799066831
718 427231313247785341.375
719 433715281444601795.4062
720 440289616162922969.0625
721 446955466261789585.5625
722 453713993821111599.1875
723 460566374278143761.875
724 467513796565211438.125
725 474557463248696702.875
726 481698590669294826.75
727 488938409083551323
728 496278162806689799.9062
729 503719110356740934.2188
730 511262524599982951.5625
731 518909692897704071.9062
732 526661917254297449.0625
733 534520514466699207.0938
734 542486816275180247.5938
735 550562169515502576.7812
736 558747936272450973.0312
737 567045494034750891.4375
738 575456235851383575
739 583981570489309417.8125
740 592622922592610700.9375
741 601381732843064896.5625
742 610259458122159813.5
743 619257571674561932.875
744 628377563273049360.75
745 637620939384920900.375
746 646989223339892827.1875
747 656483955499495025.75
748 666106693427978228.3125
749 675859012064744173.3125
750 685742503898310582
751 695758779141822931.75
752 705909465910125085.4375
753 716196210398400917.125
754 726620677062399156
755 737184548800253752.875
756 747889527135912156.3125
757 758737332404183967.3125
758 769729703937422526.375
759 780868400253852070.25
760 792155199247553179.8125
761 803591898380119325.9375
762 815180314873997405.125
763 826922285907525243
764 838819668811679130.75
765 850874341268544544.3125
766 863088201511523285.8125
767 875463168527290374.1875
768 888001182259514098.375
769 900704203814352738.1875
770 913574215667741544.8125
771 926613221874483664.5
772 939823248279158777.8125
773 953206342728863319.8125
774 966764575287796235.3125
775 980500038453704316.6875
776 994414847376201265
777 1008511140076974705.375
778 1022791077671895484.312
779 1037256844595043667.5
780 1051910648824665753.062
781 1066754722111077710.312
782 1081791320206528547.625
783 1097022723097039211.312
784 1112451235236231712.938
785 1128079185781163479.062
786 1143908928830182017.125
787 1159942843662815085.875
788 1176183334981711661.75
789 1192632833156649088.125
790 1209293794470621895.875
791 1226168701368027886.25
792 1243260062704967160.75
793 1260570414001669894.75
794 1278102317697068743.875
795 1295858363405531881.25
796 1313841168175772762.125
797 1332053376751952821.25
798 1350497661836993408.125
799 1369176724358113371.5
800 1388093293734608811.875
801 1407250128147891623.625
802 1426650014813803557.75
803 1446295770257222640.875
804 1466190240588978896
805 1486336301785096418.625
806 1506736859968378967.375
807 1527394851692356345
808 1548313244227608946.25
809 1569495035850487969.125
810 1590943256134248889.875
811 1612660966242615918.75
812 1634651259225795265
813 1656917260318955150.25
814 1679462127243190625.25
815 1702289050508991361.25
816 1725401253722230697.625
817 1748801993892694345.75
818 1772494561745167265.875
819 1796482282033097348.5
820 1820768513854854651.25
821 1845356650972605057.125
822 1870250122133817344.25
823 1895452391395422769.875
824 1920966958450646395.75
825 1946797358958529504.375
826 1972947164876162567.5
827 1999419984793648363.625
828 2026219464271814951.875
829 2053349286182698340.75
830 2080813171052814808.25
831 2108614877409242960.125
832 2136758202128535733.375
833 2165246980788482680.5
834 2194085088022742994.75
835 2223276437878369866.75
836 2252824984176246887.125
837 2282734720874457340.625
838 2313009682434607366
839 2343653944191124083.25
840 2374671622723549928
841 2406066876231854551
842 2437843904914785787
843 2470006951351281319.75
844 2502560300884962806.75
845 2535508282011734363.75
846 2568855266770507435.75
847 2602605671137074229
848 2636763955421152003.75
849 2671334624666620665.5
850 2706322229054976241.75
851 2741731364312022951
852 2777566672117826723
853 2813832840519953170.25
854 2850534604350013136.5
855 2887676745643539108
856 2925264094063215900
857 2963301527325489181.75
858 3001793971630575547.5
859 3040746402095897975.75
860 3080163843192970675.75
861 3120051369187757459.25
862 3160414104584527920
863 3201257224573235857.5
864 3242585955480444524
865 3284405575223823423
866 3326721413770241538.5
867 3369538853597482023
868 3412863330159603527
869 3456700332355973495.5
870 3501055403003998920.75
871 3545934139315580185
872 3591342193377313787.75
873 3637285272634469897.25
874 3683769140378770836.5
875 3730799616239996754
876 3778382576681444899.25
877 3826523955499269073.75
878 3875229744325725991.25
879 3924505993136355438.5
880 3974358810761121287.75
881 4024794365399540577.5
882 4075818885139828031.25
883 4127438658482083559.75
884 4179660034865550444.75
885 4232489425199972070
886 4285933302401075235.75
887 4339998201930208252
888 4394690722338162177
889 4450017525813203734.75
890 4505985338733348611.5
891 4562600952222904005.5
892 4619871222713309474
893 4677803072508305283
894 4736403490353457654.5
895 4795679532010070466
896 4855638320833513134.5
897 4916287048355994593
898 4977632974873813441.5
899 5039683430039114537.5
900 5102445813456182453.5
901 5165927595282302427
902 5230136316833219589
903 5295079591193227452.5
904 5360765103829916810.5
905 5427200613213616388
906 5494393951441556760
907 5562353024866789248
908 5631085814731891676
909 5700600377807493066
910 5770904847035649529.5
911 5842007432178103809
912 5913916420469461094
913 5986640177275313951
914 6060187146755349376
915 6134565852531471171
916 6209784898360971058
917 6285852968814782107.5
918 6362778829960848273.5
919 6440571330052644020.5
920 6519239400222878207.5
921 6598792055182416612.5
922 6679238393924457667
923 6760587600433996160.5
924 6842848944402609902
925 6926031781948604493
926 7010145556342551591.5
927 7095199798738256243
928 7181204128909189048.5
929 7268168255990419165
930 7356101979226084317.5
931 7445015188722434219
932 7534917866206484005
933 7625820085790314493.5
934 7717732014741056288
935 7810663914256594963.5
936 7904626140247034766
937 7999629144121958497
938 8095683473583521446
939 8192799773425417453.5
940 8290988786337755411.5
941 8390261353717884715.5
942 8490628416487208407
943 8592101015914022959
944 8694690294442423878
945 8798407496527316523.5
946 8903263969475571761
947 9009271164293366287.5
948 9116440636539747700
949 9224784047186464593
950 9334313163484102213
951 9445039859834564393
952 9556976118669942779
953 9670134031337814507
954 9784525798993009805
955 9900163733495891159
956 10017060258317185957
957 10135227909449414745
958 10254679336324957452
959 10375427302740800209
960 10497484687790005585
961 10620864486799949334
962 10745579812277366979
963 10871643894860253781
964 10999070084276661906
965 11127871850310438842
966 11258062783773951355
967 11389656597487839514
968 11522667127267845587
969 11657108332918762820
970 11792994299235549402
971 11930339237011653133
972 12069157484054592578
973 12209463506208840759
974 12351271898386057649
975 12494597385602718042
976 12639454824025181581
977 12785859202022251996
978 12933825641225272895
979 13083369397595807665
980 13234505862500951315
981 13387250563796322390
982 13541619166916783284
983 13697627475974937604
984 13855291434867453482
985 14014627128389261964
986 14175650783355679954
987 14338378769732507372
988 14502827601774148515
989 14669013939169807865
990 14836954588197810850
991 15006666502888100361
992 15178166786192960082
993 15351472691166015982
994 15526601622149567595
995 15703571135970300979
996 15882398943143435556
997 16063102909085357287
998 16245701055334790927
999 16430211560782564414
1000 16616652762910018704
