100 200 1 -1 0.672766002620804536308888958643 2.02698237620068875250169024459 7.4956568e-8 7.1278627e-5
100 200 2 -1 0.665912501832449834468401006263 2.13606312705204760447063410357 5.6894235e-10 2.6127847e-6
100 200 3 -1 0.667678909632887712145333793146 2.1044209257787749132098015978 1.2754843e-11 3.7148665e-7
100 200 2 0 0.666796185202792364189337129131 2.12111560359943824410555992411 9.5011812e-13 8.3934582e-9
100 200 2 1 0.666820303406575812291665432034 2.12068358014733253483997846791 2.0502659e-13 2.6106753e-8
100 200 2 2 0.666658643616339735332779664416 2.12374076086099148783790880699 4.8896604e-16 4.2392642e-10
100 200 2 3 0.666669349603862735450995863625 2.12352760357325279470214045097 2.6233352e-17 6.6938486e-11
100 200 2 4 0.666686656404996252765416142004 2.12316573034274291152893063956 1.9255354e-18 4.0397457e-11
200 400 1 -1 0.669557349919318694492969269863 2.07355593188285811174493141732 3.2666654e-8 3.1795076e-5
200 400 2 -1 0.666559236001098673685129763175 2.1254303705385686508426132932 1.2524409e-10 5.2926078e-7
200 400 3 -1 0.666942957422369086208014457416 2.1180247009309116242747996188 4.4220134e-12 1.1902036e-7
200 400 2 0 0.666751265921583537877034822627 2.12191597025595082406531395932 1.4028953e-12 4.0337632e-8
200 400 2 1 0.666704372163313398184930036805 2.1228209751662176397508711691 4.5808831e-14 5.897134e-9
200 400 2 2 0.666668236427566290145042657693 2.12355444007857223033772009619 8.1369772e-17 3.3256025e-11
200 400 2 3 0.666669929722984541293931573173 2.12351837899069636105222796156 5.4175175e-18 2.3206403e-11
200 400 2 4 0.666666337798103875695895399974 2.12359846311853272092824798748 6.3357586e-20 9.2945824e-13
400 800 1 -1 0.66810093714383834950767566973 2.0967273892066897753594926873 1.4823511e-8 6.628485e-7
400 800 2 -1 0.66667847172916585684299663251 2.12331073494275968014895127671 1.4691817e-11 1.41253e-9
400 800 3 -1 0.666724672682183033744333804736 2.12235504497892939975994841249 1.0229404e-12 3.6449442e-10
400 800 2 0 0.666701616762818272208333659412 2.12285507332086622601407630046 6.7570002e-13 2.47874e-10
400 800 2 1 0.666677340388240687405266646758 2.12335723070986515036623560146 1.0479615e-14 1.1116878e-11
400 800 2 2 0.666667990558450353601741717993 2.12355996816485541677445914555 3.4017832e-17 1.1399387e-13
400 800 2 3 0.666667208582408824966863078952 2.12357770536136003648681213851 1.0172809e-17 1.4278099e-14
400 800 2 4 0.666665095462056418343864363327 2.12362774793430496960532072533 7.5468704e-18 1.2197481e-14
500 1000 1 -1 0.667818287701046168461257548711 2.10150485039620028076290811756 1.1719862e-8 0.0
500 1000 2 -1 0.666684889553420686766320524418 2.1231896024751255814952373688 4.9135202e-12 0.0
500 1000 3 -1 0.666699475238971566370295640137 2.1228814098340197613227161415 6.2494378e-13 0.0
500 1000 2 0 0.666692209533894557012931964362 2.12304224016168942566819599118 5.0789518e-13 0.0
500 1000 2 1 0.666673917164907861532408699146 2.12342874531073350163946989599 7.015037e-15 0.0
500 1000 2 2 0.666667639669942867961257625336 2.12356765262367282808816554263 3.0070992e-17 0.0
500 1000 2 3 0.666666905726942136496802043804 2.12358462637732243160670315794 5.4341703e-19 0.0
500 1000 2 4 0.666666523999289168646502207995 2.12359383597342196920678152375 1.6954431e-19 0.0
