0 0
1 1
2 1
3 1
4 1
5 2
6 2
7 3
8 4
9 4
10 6
11 6
12 9
13 8
14 14
15 11
16 19
17 18
18 25
19 24
20 37
21 31
22 50
23 46
24 61
25 64
26 86
27 79
28 112
29 115
30 136
31 149
32 190
33 184
34 239
35 255
36 293
37 329
38 382
39 408
40 489
41 531
42 595
43 675
44 772
45 827
46 952
47 1066
48 1176
49 1320
50 1468
51 1627
52 1827
53 2030
54 2219
55 2493
56 2769
57 3053
58 3365
59 3746
60 4122
61 4568
62 5019
63 5551
64 6108
65 6729
66 7383
67 8167
68 8943
69 9822
70 10752
71 11856
72 12993
73 14189
74 15559
75 17023
76 18660
77 20356
78 22304
79 24280
80 26548
81 28972
82 31629
83 34387
84 37627
85 40756
86 44568
87 48364
88 52765
89 57124
90 62376
91 67426
92 73525
93 79533
94 86635
95 93451
96 101952
97 109831
98 119559
99 128968
100 140108
101 150970
102 164272
103 176583
104 191651
105 206425
106 223955
107 240710
108 261114
109 280370
110 303820
111 326566
112 353253
113 379224
114 410656
115 440245
116 475766
117 510791
118 551452
119 591147
120 638405
121 683978
122 737642
123 790733
124 851537
125 912346
126 983105
127 1052034
128 1131811
129 1212477
130 1303384
131 1394412
132 1499150
133 1603249
134 1721875
135 1842252
136 1976017
137 2112707
138 2267390
139 2422083
140 2595955
141 2775357
142 2972201
143 3174476
144 3399858
145 3629685
146 3883913
147 4147478
148 4434070
149 4732523
150 5060912
151 5397027
152 5765577
153 6151901
154 6567919
155 7003136
156 7476138
157 7967337
158 8500265
159 9060196
160 9659341
161 10289469
162 10971710
163 11680704
164 12445251
165 13254071
166 14113156
167 15019865
168 15993417
169 17014407
170 18108091
171 19263537
172 20488846
173 21787405
174 23174169
175 24630621
176 26182596
177 27829945
178 29570977
179 31414398
180 33379000
181 35445839
182 37643500
183 39973722
184 42432268
185 45041120
186 47808769
187 50725344
188 53819504
189 57100968
190 60562310
191 64225036
192 68109494
193 72205912
194 76544638
195 81140272
196 85980784
197 91109593
198 96538443
199 102259886
200 108313873
201 114718902
202 121469601
203 128608393
204 136159004
205 144118466
206 152528732
207 161418174
208 170786634
209 180682097
210 191146621
211 202158140
212 213796790
213 226083313
214 239032676
215 252691591
216 267122409
217 282307105
218 298349249
219 315255760
220 333081199
221 351854559
222 371688670
223 392538328
224 414558261
225 437737639
226 462174952
227 487884582
228 515037003
229 543554858
230 573667819
231 605322614
232 638701096
233 673779155
234 710812980
235 749680595
236 790698072
237 833781541
238 879206907
239 926893043
240 977226692
241 1029998725
242 1085685959
243 1144117204
244 1205716998
245 1270329577
246 1338483375
247 1409910005
248 1485249944
249 1564227265
250 1647475021
251 1734717598
252 1826715342
253 1923067929
254 2024642020
255 2131068093
256 2243185824
257 2360618632
258 2484385608
259 2613953530
260 2750473579
261 2893406546
262 3043939614
263 3201532819
264 3367516673
265 3541205797
266 3724107621
267 3915523170
268 4117010600
269 4327831774
270 4549761357
271 4781918337
272 5026226101
273 5281808758
274 5550671749
275 5831921762
276 6127772155
277 6437154555
278 6762545453
279 7102828931
280 7460606920
281 7834691376
282 8227961364
283 8639145151
284 9071299294
285 9523096534
286 9997801146
287 10494075004
288 11015413625
289 11560359621
290 12132723388
291 12730979136
292 13359166446
293 14015716547
294 14704979639
295 15425337194
296 16181396573
297 16971482256
298 17800576345
299 18666945087
300 19575874982
301 20525592735
302 21521738018
303 22562549848
304 23654028952
305 24794342701
306 25989874214
307 27238908121
308 28548165019
309 29915776280
310 31349106901
311 32846329998
312 34415041878
313 36053645373
314 37770171486
315 39562979355
316 41440729281
317 43401780621
318 45455259589
319 47599869844
320 49845116083
321 52189633955
322 54643861950
323 57206518075
324 59888357333
325 62688675425
326 65618707121
327 68677784902
328 71878181864
329 75219320915
330 78713879124
331 82362188733
332 86177381013
333 90159796495
334 94323942844
335 98670417436
336 103214079119
337 107956599415
338 112913562597
339 118086744481
340 123493264544
341 129135208704
342 135030247214
343 141182097906
344 147608824772
345 154314451201
346 161319179075
347 168627427723
348 176259858574
349 184222905205
350 192538108051
351 201212096246
352 210268910447
353 219715987136
354 229577737255
355 239864375359
356 250601083136
357 261798558927
358 273485172142
359 285672487086
360 298389476201
361 311651046218
362 325487270576
363 339913788448
364 354964421712
365 370655887072
366 387022921498
367 404086621218
368 421882803657
369 440433588205
370 459779464002
371 479944091851
372 500968909020
373 522883040314
374 545729502584
375 569538591122
376 594359126276
377 620223492132
378 647181752370
379 675272752998
380 704548781022
381 735050315378
382 766836785768
383 799951235830
384 834454630179
385 870398416111
386 907845961707
387 946850857395
388 987485518665
389 1029806552320
390 1073888837061
391 1119798683031
392 1167614410589
393 1217405423429
394 1269260677476
395 1323253520083
396 1379476007732
397 1438013782927
398 1498963299917
399 1562413636265
400 1628474540804
401 1697240393164
402 1768825179820
403 1843337461325
404 1920897227329
405 2001617920902
406 2085635587054
407 2173069828294
408 2264062730686
409 2358751560444
410 2457285629639
411 2559807835570
412 2666488023796
413 2777477097997
414 2892952163448
415 3013084856724
416 3138062499654
417 3268064877996
418 3403303210004
419 3543966523131
420 3690276758607
421 3842448236733
422 4000715747955
423 4165302877194
424 4336474097623
425 4514466025376
426 4699555973409
427 4892010084366
428 5092123065691
429 5300173268871
430 5516491659375
431 5741370929806
432 5975160301675
433 6218189015131
434 6470826977686
435 6733418145431
436 7006377188546
437 7290067995069
438 7584927308681
439 7891360816234
440 8209833441682
441 8540771668833
442 8884692490555
443 9242045557903
444 9613378770121
445 9999192711733
446 10400069623255
447 10816534386900
448 11249234533129
449 11698725641844
450 12165692141060
451 12650749193663
452 13154627088126
453 13677973134263
454 14221594474688
455 14786174918685
456 15372570710605
457 15981539727486
458 16613992661222
459 17270725435373
460 17952745119434
461 18660895245683
462 19396242597466
463 20159716169602
464 20952454253432
465 21775437472089
466 22629915632514
467 23516927275224
468 24437801076109
469 25393679487691
470 26385977586587
471 27415900266094
472 28485000993659
473 29594559311829
474 30746223230909
475 31941394834228
476 33181833148281
477 34469022223202
478 35804883158431
479 37190990434522
480 38629387536619
481 40121799474690
482 41670403067213
483 43277021612808
484 44944032398249
485 46673375279128
486 48467574595522
487 50328747308933
488 52259587293304
489 54262340867817
490 56339935376196
491 58494758874047
492 60729926977499
493 63048044594040
494 65452430493525
495 67945847320011
496 70531899860608
497 73213532739752
498 75994576285333
499 78878231569070
500 81868585505758
501 84969040810878
502 88184022012919
503 91517151771557
504 94973139409658
505 98555922600395
506 102270518204794
507 106121110753966
508 110113126838006
509 114251032092877
510 118540594191248
511 122986654395467
512 127595363344442
513 132371875609811
514 137322825347984
515 142453708995436
516 147771589550129
517 153282420368529
518 158993722923297
519 164911836740991
520 171044869508846
521 177399592191476
522 183984623953732
523 190807283273181
524 197876758937029
525 205200853973051
526 212789450240501
527 220650875691131
528 228795647449655
529 237232762799232
530 245973420048492
531 255027212130325
532 264406173623523
533 274120553263471
534 284183151415022
535 294605017568397
536 305399790725838
537 316579262536013
538 328158062563086
539 340148785006588
540 352566997292680
541 365426273230625
542 378743186536225
543 392532215549082
544 406811133423926
545 421595411915145
546 436903952678989
547 452753404277862
548 469163896408942
549 486153203727964
550 503742873872019
551 521951898427406
552 540803204893943
553 560317209930420
554 580518321294384
555 601428328356239
556 623073352841264
557 645476674955661
558 668666076724956
559 692666560128588
560 717507702779495
561 743216204872735
562 769823673633557
563 797358626213156
564 825854698097230
565 855342489111405
566 885857796790550
567 917433283857506
568 950107191079502
569 983914414236394
570 1018895624055377
571 1055088232810637
572 1092535528562095
573 1131277446122477
574 1171360193914760
575 1212826417170502
576 1255725276592018
577 1300102452228296
578 1346010252489913
579 1393497437104042
580 1442619810738381
581 1493429441034357
582 1545985680114093
583 1600344252855482
584 1656568323117454
585 1714717359982101
586 1774858710801424
587 1837055848656081
588 1901380409594032
589 1967900291552629
590 2036691703678983
591 2107827093936831
592 2181387679264324
593 2257450768223007
594 2336102752363799
595 2417426250850151
596 2501513182692277
597 2588451677942829
598 2678339641855152
599 2771271103350449
600 2867350186060921
601 2966677336153912
602 3069363305207948
603 3175515206308771
604 3285250980667264
605 3398684861201414
606 3515942285595312
607 3637145186268340
608 3762426978065310
609 3891917667817835
610 4025759261229136
611 4164090374263351
612 4307062020161983
613 4454822062314971
614 4607531120355135
615 4765346796686040
616 4928440000752587
617 5096978700997494
618 5271144635668308
619 5451116908231903
620 5637088768304632
621 5829251069248935
622 6027809366490024
623 6232967006204148
624 6444942565976629
625 6663952727430975
626 6890229912836699
627 7124004935103784
628 7365524941671848
629 7615035787093348
630 7872800231885245
631 8139080156871844
632 8414154902399998
633 8698303327593796
634 8991822428506383
635 9295009129437539
636 9608179159153566
637 9931648612774046
638 10265753116799104
639 10610829197941225
640 10967233557723270
641 11335324412482417
642 11715480922250831
643 12108084270782663
644 12513537466544780
645 12932246164548074
646 13364638621975563
647 13811146492760672
648 14272224915640012
649 14748333036883063
650 15239954545918603
651 15747577982471451
652 16271717150006746
653 16812891698116946
654 17371647689509635
655 17948537645300049
656 18544141787977412
657 19159047755359931
658 19793871803468331
659 20449238884363366
660 21125803751880931
661 21824230636414801
662 22545215165526244
663 23289463607222841
664 24057714620652482
665 24850719004024134
666 25669261534952148
667 26514139925910088
668 27386187740389467
669 28286252935873192
670 29215220462777856
671 30173991567222407
672 31163506184746499
673 32184721498073946
674 33238635842005882
675 34326266386587853
676 35448672755710290
677 36606935625951450
678 37802180358379744
679 39035554444171036
680 40308252802722249
681 41621494490223616
682 42976547563689282
683 44374706882032975
684 45817318900569571
685 47305757994892649
686 48841453709678589
687 50425865776093984
688 52060510817359511
689 53746938890238279
690 55486760127571378
691 57281619426247403
692 59133225815811796
693 61043325764603877
694 63013732230897003
695 65046299291898522
696 67142951228776167
697 69305654876012077
698 71536452450331551
699 73837431844898146
700 76210758818259653
701 78658649279611452
702 81183401641351133
703 83787366033472680
704 86472981167563397
705 89242741018399842
706 92099231516578184
707 95045098945265932
708 98083086865887812
709 101216001142005426
710 104446752306358019
711 107778317386906162
712 111213781770901246
713 114756303348111173
714 118409155240064260
715 122175684973301707
716 126059364003356712
717 130063743047407736
718 134192501555459553
719 138449405276721043
720 142838356404575826
721 147363345848953190
722 152028511581192866
723 156838085817788070
724 161796453473317879
725 166908101802368114
726 172177680457512285
727 177609944023726280
728 183209821822635322
729 188982354662437341
730 194932765173464783
731 201066396912540908
732 207388786315079210
733 213905593901527055
734 220622688229581669
735 227546069283448402
736 234681953378438035
737 242036699176021293
738 249616895367771379
739 257429276681087913
740 265480825162428035
741 273778677710140948
742 282330228891751362
743 291143040729159678
744 300224948899296004
745 309583960713112252
746 319228378264739343
747 329166685302839962
748 339407672370737564
749 349960326547839419
750 360833960942603952
751 372038090273456267
752 383582579502177997
753 395477507030149952
754 407733316665855539
755 420360682601345500
756 433370666813817363
757 446774567716895491
758 460584100616225371
759 474811231101607555
760 489468359011133048
761 504568154459904406
762 520123748748659465
763 536148550603446432
764 552656463671010810
765 569661685117969841
766 587178928661735965
767 605223224488729209
768 623810150415434556
769 642955609849717502
770 662676093677018419
771 682988437208529067
772 703910088388503871
773 725458866440111077
774 747653240612315212
775 770512062099039652
776 794054878172179193
777 818301640387028857
778 843273026893181081
779 868990151474795848
780 895474897430544108
781 922749597181306101
782 950837406901923148
783 979761958004851839
784 1009547741479842373
785 1040219759946023162
786 1071803926913539732
787 1104326683645443438
788 1137815444757772013
789 1172298183834824983
790 1207803890723158132
791 1244362156819026747
792 1282003648807711747
793 1320759655007315426
794 1360662612587704446
795 1401745616779306255
796 1444042961777200999
797 1487589649782011753
798 1532421951605333671
799 1578576870780417534
800 1626092763741343246
801 1675008763072469204
802 1725365414344819114
803 1777204097260292024
804 1830567685188439696
805 1885499916065208905
806 1942046119939385100
807 2000252542696536396
808 2060167092252330391
809 2121838660831840343
810 2185317897009539611
811 2250656470955732882
812 2317907922289028762
813 2387126873286484708
814 2458369898937561857
815 2531694736452624320
816 2607161184959830275
817 2684830251700121449
818 2764765137207474947
819 2847030322660656581
820 2931692579106888877
821 3018820052200338073
822 3108483304798840168
823 3200754330219995387
824 3295707690312262662
825 3393419463251710984
826 3493968410179835424
827 3597434918269705920
828 3703902204520550574
829 3813455181042202061
830 3926181764460396752
831 4042171668487644068
832 4161517744612083087
833 4284314770283357794
834 4410660831984973962
835 4540656025689713368
836 4674403957323350487
837 4812010363558014875
838 4953584647444459686
839 5099238494146190754
840 5249087452290124833
841 5403249455055197503
842 5561846530952696360
843 5725003236400352017
844 5892848405873285959
845 6065513579231009773
846 6243134803169590462
847 6425850953888671707
848 6613805680478529746
849 6807145632492479435
850 7006022445664047443
851 7210590964229129668
852 7421011282860617321
853 7637446855191420890
854 7860066692190965129
855 8089043365670771858
856 8324555253310623278
857 8566784538163769187
858 8815919514851463051
859 9072152464905671220
860 9335682133973229629
861 9606711494165691925
862 9885450271502565532
863 10172112705014501579
864 10466920140843329258
865 10770098657180933629
866 11081881844553076143
867 11402508308870278816
868 11732224506072831135
869 12071282243776025711
870 12419941587008846722
871 12778468216141969801
872 13147136534910564545
873 13526226897054713399
874 13916028773272816420
875 14316837977789405729
876 14728959912565607731
877 15152706639719049952
878 15588400343920721999
879 16036370265727566958
880 16496956226127025621
881 16970505563175507903
882 17457376738804236709
883 17957936110349632670
884 18472561774705909211
885 19001640190683095104
886 19545570088936326482
887 20104759102016706333
888 20679627761638034503
889 21270605954277265021
890 21878137171861633943
891 22502674810909731973
892 23144686493234143942
893 23804650376914779553
894 24483059569012551793
895 25180418251647127729
896 25897246369425746904
897 26634075589244666275
898 27391454059609708350
899 28169942389984783691
900 28970118508077871565
901 29792573443535699818
902 30637916477592389238
903 31506770754521032525
904 32399778508206210025
905 33317596697929328849
906 34260902336591410435
907 35230387923528183219
908 36226767086679861772
909 37250769834662695829
910 38303148275712690072
911 39384671905835436619
912 40496133435974869561
913 41638343866098407791
914 42812138645395797067
915 44018372560574785155
916 45257925978653749258
917 46531699779085669456
918 47840621706299649675
919 49185641083141987062
920 50567735519941421535
921 51987905434281747564
922 53447180841782366070
923 54946615935109140086
924 56487295991967551651
925 58070331724759532240
926 59696866564324873822
927 61368070814675028496
928 63085149024513644703
929 64849334210767586342
930 66661895348724037179
931 68524131363397610658
932 70437379022742806049
933 72403006726570384811
934 74422422484839482249
935 76497067796783641418
936 78628425755428120739
937 80818014685842522004
938 83067396671432569994
939 85378170993314185327
940 87751982747824493145
941 90190516388523288465
942 92695504470854485888
943 95268720954584083632
944 97911990400523788142
945 100627181065855042307
946 103416214191218919365
947 106281057224750146105
948 109223733245359969748
949 112246313940591423922
950 115350929499562207514
951 118539761394172471291
952 121815052369927241167
953 125179099370521737027
954 128634263665418480493
955 132182963534328362682
956 135827684899246629192
957 139570973805680505866
958 143415447149895642762
959 147363785337649400487
960 151418743160344797668
961 155583142206052813746
962 159859882262919704750
963 164251933539915761067
964 168762348177773183821
965 173394252663938156846
966 178150859493200619043
967 183035459349514187953
968 188051433329879696801
969 193202244933050944879
970 198491452389987193556
971 203922700885416214920
972 209499735057380485606
973 215226390979228404231
974 221106609246158317222
975 227144426784953835044
976 233343990063308616388
977 239709547153868150812
978 246245461115228716183
979 252956201834190492149
980 259846360041341962524
981 266920638977196226286
982 274183868533189066468
983 281640997218735803300
984 289297106499617904804
985 297157402538939620507
986 305227231198240481890
987 313512069629367217931
988 322017541429043146891
989 330749408549631430381
990 339713586660085195700
991 348916136860252228387
992 358363281756327598914
993 368061397025289512703
994 378017027653871389616
995 388236879874848182618
996 398727837648424084650
997 409496954399204769004
998 420551470249563255300
999 431898803638853434247
1000 443546568761526328757
1001 455502567575560534196
1002 467774807505233531447
1003 480371493282581529065
1004 493301045469730916914
1005 506572092182346960914
1006 520193487836932356386
1007 534174305324139342328
1008 548523855073682483225
1009 563251677056418104029
1010 578367560717103221416
1011 593881536899927850247
1012 609803898067122935884
1013 626145190688394818390
1014 642916235812625226008
1015 660128121328753037715
1016 677792223492311832172
1017 695920199105615974235
1018 714524007372179274965
1019 733615902603176412121
1020 753208456501475652514
1021 773314550737071899068
1022 793947400249322553147
1023 815120545794048706771
1024 836847877654934718485
1025 859143628728790495342
1026 882022398729944648271
1027 905499147188640005507
1028 929589218788784114470
1029 954308336329267357709
1030 979672626545972798582
1031 1005698613669650395487
1032 1032403245851316073098
1033 1059803888633986624268
1034 1087918352595426590535
1035 1116764886839075581901
1036 1146362207245390005164
1037 1176729490562752738086
1038 1207886403353886038378
1039 1239853096054708856715
1040 1272650233289040193057
1041 1306298987933270857318
1042 1340821072153054265995
1043 1376238732126270964223
1044 1412574779931664067218
1045 1449852588232234855881
1046 1488096123654871903877
1047 1527329941544017617252
1048 1567579220235235433844
1049 1608869756453336322079
1050 1651228000586421242136
1051 1694681052100430480355
1052 1739256696496396990479
1053 1784983400785734677921
1054 1831890351501965930257
1055 1880007450877180582602
1056 1929365356067051252797
1057 1979995475337398013565
1058 2031930009148131133557
1059 2085201946450749840155
1060 2139845107082233106490
1061 2195894138730855365022
1062 2253384560751335069896
1063 2312352761208308331541
1064 2372836042793995545203
1065 2434872619977012166941
1066 2498501666458346078110
1067 2563763313032708954230
1068 2630698696769293483874
1069 2699349958925642953516
1070 2769760296476802701887
1071 2841973960191194973194
1072 2916036308042471596765
1073 2991993803938923381994
1074 3069894073149669960383
1075 3149785901171958411121
1076 3231719291822636208328
1077 3315745466247499998699
1078 3401916923231917065497
1079 3490287438889571451353
1080 3580912129386477959128
1081 3673847450746996039563
1082 3769151264575335834068
1083 3866882838061458873459
1084 3967102912369216488497
1085 4069873703246255384732
1086 4175258972240669343194
1087 4283324027496493719222
1088 4394135798394517924276
1089 4507762836524551823078
1090 4624275393456101104406
1091 4743745422314947533687
1092 4866246658916687193046
1093 4991854623515883525745
1094 5120646705783541146793
1095 5252702166813524602417
1096 5388102227821376650586
1097 5526930072646762633305
1098 5669270940375231635678
1099 5815212128085844996358
1100 5964843087887923523446
1101 6118255429877432336201
1102 6275543023534481006686
1103 6436802001159116318330
1104 6602130863871663753705
1105 6771630485301891659753
1106 6945404222559820995789
1107 7123557920225413632375
1108 7306200026452567806761
1109 7493441597286339758214
1110 7685396418140929413483
1111 7882181008443699016938
1112 8083914748808954057160
1113 8290719885951123913780
1114 8502721665828710119710
1115 8720048338842552226969
1116 8942831299246410783969
1117 9171205090695695579246
1118 9405307552091678328318
1119 9645279823483614094996
1120 9891266498910660862779
1121 10143415632407036345938
1122 10401878898096128312545
1123 10666811596671550537625
1124 10938372822818419761982
1125 11216725472058896420431
1126 11502036416255491172379
1127 11794476510495351225769
1128 12094220777015213280939
1129 12401448412571555376663
1130 12716342980697385158632
1131 13039092419538596647963
1132 13369889243493314276435
1133 13708930550899802578725
1134 14056418235357300691199
1135 14412558994092060261237
1136 14777564548723439870594
1137 15151651654157792094472
1138 15535042330161467195046
1139 15927963869981780994132
1140 16330649083126938702346
1141 16743336304726883600403
1142 17166269649039774852259
1143 17599699019490264667030
1144 18043880374610723442061
1145 18499075737660599674247
1146 18965553475371738940850
1147 19443588308566217505067
1148 19933461603057016627271
1149 20435461381052357929984
1150 20949882626335915367777
1151 21477027295123002639272
1152 22017204635959550220772
1153 22570731201745997663281
1154 23137931183380434354324
1155 23719136422839644001013
1156 24314686763165858941938
1157 24924930060836254433760
1158 25550222552548286380340
1159 26190928869098652535149
1160 26847422417736763441613
1161 27520085397307046815609
1162 28209309199288008507493
1163 28915494422146386468640
1164 29639051291503905265901
1165 30380399676386356383669
1166 31139969526951580755903
1167 31918200892403929154916
1168 32715544379991512836406
1169 33532461172012058152726
1170 34369423506636723479595
1171 35226914697253446857143
1172 36105429633149402991382
1173 37005474800930182317831
1174 37927568809359018628176
1175 38872242409927014662631
1176 39840039046403530061503
1177 40831514878371350765184
1178 41847239353133732532137
1179 42887795231901758629842
1180 43953779189164089759765
1181 45045801837974980493600
1182 46164488357409731901141
1183 47310478521542032867894
1184 48484427352041226364139
1185 49687005150560788507116
1186 50918898182383669191017
1187 52180808708116606910206
1188 53473455699039962242085
1189 54797574873380732588433
1190 56153919440050621072982
1191 57543260139143477930112
1192 58966386020791144113852
1193 60424104485201028218358
1194 61917242097331228081658
1195 63446644632678962761171
1196 65013177923744350301232
1197 66617727911216286157780
1198 68261201530092777094369
1199 69944526760730671065625
1200 71668653555382768656356
1201 73434553896346354255374
1202 75243222758282506453634
1203 77095678173062040739503
1204 78992962236669427541905
1205 80936141174624318009523
1206 82926306394346198741784
1207 84964574559357161719909
1208 87052088681710381451611
1209 89190018204542305277604
1210 91379560144817645671479
1211 93621939177117809234898
1212 95918408827515682359736
1213 98270251568165585241158
1214 100678780056118642237653
1215 103145337238326779234656
1216 105671297646774317790682
1217 108258067505963930837247
1218 110907086085477126114578
1219 113619825820604365516138
1220 116397793715223102969733
1221 119242531475251335241884
1222 122155616974929793548039
1223 125138664393989337625878
1224 128193325748251490129437
1225 131321291043007996415155
1226 134524289859959530665256
1227 137804091526302888938983
1228 141162506772541898165594
1229 144601387907230967874943
1230 148122630547033715456893
1231 151728173810910038689226
1232 155420002113161643397906
1233 159200145376914373484730
1234 163070680906576315179463
1235 167033733609264825517437
1236 171091477947858334874961
1237 175246138186223129979791
1238 179499990412765379246004
1239 183855362808891283755771
1240 188314637761417540727875
1241 192880252141816129985610
1242 197554699509040958676547
1243 202340530417232283530904
1244 207240354697072395634960
1245 212256841791986325850705
1246 217392723138835861909566
1247 222650792518367587072948
1248 228033908536647207670856
1249 233544995009875616440603
1250 239187043533918640824247
1251 244963113903047311901886
1252 250876336790353611214326
1253 256929914185183053078092
1254 263127122186250036904649
1255 269471311480079526821782
1256 275965910232078698675449
1257 282614424606211062833536
1258 289420441779916302754708
1259 296387630487421399481881
1260 303519744160372320346076
1261 310820621520132593834022
1262 318294189828229853040586
1263 325944465527526894344090
1264 333775557630553468904650
1265 341791668391069463355455
1266 349997096832704282853299
1267 358396239478597498703111
1268 366993594002239566904050
1269 375793760015675605569496
1270 384801442874616555334259
1271 394021454503997555696380
1272 403458717359435766251208
1273 413118265321875600692465
1274 423005247795751281833355
1275 433124930673015097427855
1276 443482700602664509785834
1277 454084066001712856813203
1278 464934661499250002765454
1279 476040249028466379713423
1280 487406722423285999165974
1281 499040108592707590246141
1282 510946572309030267982827
1283 523132417439134427981900
1284 535604091926868668102326
1285 548368189120583291771315
1286 561431452925947368623115
1287 574800779230384376506129
1288 588483221268851675133983
1289 602485991118190344538125
1290 616816465279939033979628
1291 631482186286895129285718
1292 646490868476183482344172
1293 661850399710188658004058
1294 677568847387343341802435
1295 693654460247363764998781
1296 710115674623215886087930
1297 726961116378698600315132
1298 744199607373240963723382
1299 761840167533046386976679
1300 779892021580588951034023
1301 798364601207531265155844
1302 817267552073918390890867
1303 836610736134796984628145
1304 856404238876763429177123
1305 876658371801925468277659
1306 897383679959610626443888
1307 918590944551774390147657
1308 940291190764624994281762
1309 962495690553932024109344
1310 985215970743011547424586
1311 1008463815990435900927186
1312 1032251277216820063255071
1313 1056590674717871542698353
1314 1081494606926142623296248
1315 1106975953732835579253239
1316 1133047885546555634533383
1317 1159723866828733307965419
1318 1187017665519395750517975
1319 1214943356744016625843749
1320 1243515332612765697071784
1321 1272748306170008604487631
1322 1302657321527090537668961
1323 1333257758058841195302749
1324 1364565340944941379634896
1325 1396596145570404349273194
1326 1429366608483927973125233
1327 1462893532078806259500478
1328 1497194095923882783523119
1329 1532285861731816866405757
1330 1568186785146987866454989
1331 1604915220952376717824016
1332 1642489935322661452788771
1333 1680930111356035295524083
1334 1720255361745616816671980
1335 1760485734642910706742307
1336 1801641726838106746044823
1337 1843744289905108266015804
1338 1886814843901867119013482
1339 1930875283889033141045498
1340 1975947994099071867722079
1341 2022055854838503615973652
1342 2069222257226575296352971
1343 2117471110425331315080226
1344 2166826856958417458679675
1345 2217314480373229076884460
1346 2268959521085988509649913
1347 2321788084485236099020053
1348 2375826857412047867447630
1349 2431103116647079344042233
1350 2487644746040950968331361
1351 2545480245495862829795106
1352 2604638748686624083763670
1353 2665150032551108836595292
1354 2727044535721974755431001
1355 2790353368462609557529015
1356 2855108331824356318808091
1357 2921341928152223244202736
1358 2989087380906429199761390
1359 3058378645750869134302738
1360 3129250431169137471256465
1361 3201738210070819008935304
1362 3275878241221071930856260
1363 3351707581497950506642527
1364 3429264108067738248521329
1365 3508586531312822682687838
1366 3589714417896423599069344
1367 3672688204288905018751708
1368 3757549220742080860562594
1369 3844339705562222364811184
1370 3933102829924969775672208
1371 4023882712913790288069468
1372 4116724447330184303162153
1373 4211674115424865869095175
1374 4308778815728131343450719
1375 4408086679633229774894239
1376 4509646899171106620346173
1377 4613509744471583963302022
1378 4719726592653717630628789
1379 4828349946083857977636965
1380 4939433462409010246538866
1381 5053031973788763240598579
1382 5169201517994222043430254
1383 5287999358639953995523448
1384 5409484017531994605829736
1385 5533715295819726994089888
1386 5660754307626197228931264
1387 5790663502309092279275611
1388 5923506699289942104214680
1389 6059349111457748350737561
1390 6198257381401115680775326
1391 6340299605865542253176400
1392 6485545373424144365510372
1393 6634065790199630127553971
1394 6785933518887771713464786
1395 6941222805780012491483611
1396 7100009521358527677806724
1397 7262371188530656572083938
1398 7428387024839932882771350
1399 7598137972136736636392834
1400 7771706740314737066567841
1401 7949177838462965343770311
1402 8130637620368589298090549
1403 8316174317054240181868847
1404 8505878084094343384212265
1405 8699841035787779449891727
1406 8898157294196015280795669
1407 9100923024998500528912620
1408 9308236488512327174034833
1409 9520198077134484507067222
1410 9736910368401772724276736
1411 9958478164286458274215652
1412 10185008546198953883508717
1413 10416610916196863745948236
1414 10653397054215292675367296
1415 10895481161086857065026937
1416 11142979918063155990361429
1417 11396012531940796961434966
1418 11654700796777471632121445
1419 11919169141186605793198951
1420 12189544692556675938891729
1421 12465957326413436521412952
1422 12748539733218582686794959
1423 13037427470115885530071653
1424 13332759030206631273433369
1425 13634675896758707576744484
1426 13943322615296786429012988
1427 14258846850166241298983384
1428 14581399459522763232456010
1429 14911134554598812840697229
1430 15248209577494333935365281
1431 15592785363229507703377610
1432 15945026220700709656952450
1433 16305099997416415646037902
1434 16673178163717383075400886
1435 17049435880569971587539601
1436 17434052086947920523003534
1437 17827209570784607625851756
1438 18229095059917059938909226
1439 18639899296086419086059133
1440 19059817129556055306472593
1441 19489047596571865725931380
1442 19927794017556012808336602
1443 20376264078137776492297358
1444 20834669931354085017792109
1445 21303228282148424356709992
1446 21782160493708447434564366
1447 22271692675873938524531828
1448 22772055795513175947723937
1449 23283485768971304905104918
1450 23806223576959360976176084
1451 24340515360935999751084029
1452 24886612542654734245512632
1453 25444771924964474949753788
1454 26015255815922981886444217
1455 26598332134161733389213078
1456 27194274538076617886082156
1457 27803362535659346510362210
1458 28425881618935891570440039
1459 29062123378784232698409695
1460 29712385644533246885254394
1461 30376972603937741616453951
1462 31056194948497151880043130
1463 31750369998490128704645497
1464 32459821854202518201254570
1465 33184881526594696413950026
1466 33925887094361897382297950
1467 34683183840422215257308665
1468 35457124415415485654134507
1469 36248068979926206426149742
1470 37056385374642880850008511
1471 37882449268930447778819244
1472 38726644337580903020878781
1473 39589362415956921442352138
1474 40471003683994356497154749
1475 41371976827837565642777328
1476 42292699231342227143110044
1477 43233597144875866353347928
1478 44195105884269853083323334
1479 45177670007028693097176506
1480 46181743519449681236506969
1481 47207790060179139688210577
1482 48256283115785094842647901
1483 49327706212387144873518300
1484 50422553139644045951554880
1485 51541328150742418642286661
1486 52684546195583183917271727
1487 53852733129077252641707503
1488 55046425953853306246374097
1489 56266173037654678817468523
1490 57512534365556827542133293
1491 58786081766781683200829915
1492 60087399177274889556460983
1493 61417082875913037519409608
1494 62775741757808432138042830
1495 64163997580768123622459491
1496 65582485249337153187019173
1497 67031853071874251886095983
1498 68512763056262977194877657
1499 70025891177596319691854683
1500 71571927685973690688180479
