integer_s 2 0 0 0.4 1.26218e-29 0.02
integer_s 2 1 -1 2.0 0.0 0.01
integer_s 3 0 0 0.4 3.47099e-29 0.01
integer_s 3 1 -1 2.0 9.78188e-29 0.01
integer_s 3 2 -2 0.4 1.08444e-28 0.38
integer_s 5 0 0 0.4 7.88861e-29 0.02
integer_s 5 1 -1 2.0 3.54987e-29 0.02
integer_s 5 2 -2 0.4 9.97613e-28 0.51
integer_s 5 3 0 2.0 2.68213e-29 0.03
integer_s 5 4 -1 0.4 4.18096e-29 0.03
complex_s 2 0 (0.7 + 0.25j) 0.4 6.42086e-30 68.5
complex_s 2 1 (0.7 + 0.25j) 2.0 5.58275e-30 85.71
complex_s 3 1 (0.7 + 0.25j) 0.4 6.33856e-30 46.78
complex_s 3 2 (0.7 + 0.25j) 2.0 6.31089e-30 63.69
complex_s 5 0 (0.7 + 0.25j) 2.0 6.40011e-29 89.2
complex_s 5 2 (0.7 + 0.25j) 0.4 5.23788e-30 21.65
complex_s 5 4 (0.7 + 0.25j) 2.0 1.57772e-29 57.06
PASS 17 checks
