# Family C12, r=3; moments; exact independent determinants
0 1
1 1
2 2
3 7
4 23
5 77
6 265
7 916
8 3170
9 10989
10 38133
11 132417
12 460119
13 1599807
14 5565771
15 19374883
16 67484849
17 235193072
18 820146916
19 2861577868
20 9989967854
21 34895141887
22 121956754007
23 426465906437
24 1492099631173
25 5223285447007
26 18294453319355
27 64109454962697
28 224775447579939
29 788491289225163
30 2767344455321553
31 9717282536227941
32 34138048231596531
33 119989076404825899
34 421940084507219769
35 1484440427587087275
36 5224858269230143089
37 18398517558257901996
38 64816345259801769228
39 228442258226399568894
40 805481099488279034232
41 2841306450381666787506
42 10026778716031890359808
43 35398286631248090754654
44 125019383539172451405882
45 441716503693166242529331
46 1561269740030483100061413
47 5520484685936345003820651
48 19527127463796571299461835
49 69096867874330910042191719
50 244587471092656933912520763
51 866089806866026625114745007
52 3067902761663308974242007305
53 10870945054375487779809202331
54 38533388652742620125450628745
55 136630759508535124237682830933
56 484616690609892874812440349443
57 1719428531844220611005499163765
58 6102433879218291342766152388547
59 21664695438354242993819322917045
60 76936079520861765544406513074171
61 273295780105522981839849961870651
62 971088270701941517170042287343961
63 3451476692077802952558371938178103
64 12270696856327516183340306183632569
