# Family C12, r=2; hankels; exact independent determinants
-1 1
0 1
1 1
2 -4
3 -13
4 -43
5 87
6 2512
7 22041
8 179945
9 -6856935
10 -162649748
11 -5707527989
12 167131198669
13 17226392646671
14 1602971409320864
15 47718134604386513
16 -27101417659881564303
17 -6375094931292168065327
18 -1803582098240483981519268
19 508996694917372797661987715
20 376400084219853998697346513893
21 337562835081055063192440298780711
22 -17460306563178272532953293156945040
23 -304684432249686801232930005282309886679
24 -757647972741918886202168675460820312044391
25 -1197867790365554432629816312072808669684831191
26 3237313173355048188287397143284215970744522010828
27 25899613238158896363196292315754636681603123857202459
28 173675831378190104561168277222339802570445111605912096285
29 -238874664595293728620253796845535607453221772508302490591841
30 -11874069249402493219405547547435084969620473193056351771393478848
31 -244199360446691966676819518954901930652428732109555233253894326733791
32 -1697372375067201095793240340040548944476003101756094250890962012045283999
