# Family C12, r=1; moments; exact independent determinants
0 1
1 1
2 2
3 5
4 11
5 25
6 59
7 140
8 336
9 817
10 2005
11 4961
12 12369
13 31043
14 78365
15 198863
16 507015
17 1298128
18 3336342
19 8604548
20 22261642
21 57761959
22 150272671
23 391905193
24 1024388367
25 2683238263
26 7042075569
27 18515324493
28 48763985977
29 128634439171
30 339830861383
31 899035853797
32 2381575572293
33 6316731405491
34 16773795631999
35 44591673741283
36 118668220308411
37 316118548010972
38 842905372425190
39 2249577334005126
40 6008937452373436
41 16063928653695522
42 42978081694990292
43 115071661643390722
44 308320026976807266
45 826673224602226747
46 2217953335857541017
47 5954505511773882547
48 15995684249415745793
49 42994556017987994311
50 115629309207820239261
51 311140860768389405395
52 837668466513785465431
53 2256342899485834436675
54 6080623327823283503403
55 16394335808428056134829
56 44221687601052549503989
57 119334480453548632808357
58 322165809040588056906433
59 870101345480019092462533
60 2350885288082434124277201
61 6354169922217948515863515
62 17180936605084956656835439
63 46471912357451212712735975
64 125743414275697326912594187
