# Family C12, r=4; hankels; exact independent determinants
-1 1
0 1
1 1
2 -8
3 -161
4 -1333
5 631
6 1570896
7 194685449
8 8871803329
9 -1552662557863
10 -1654320074527768
11 -1745035620772435705
12 172778066057517476987
13 2136284268608251059587855
14 11909120694413038113137827488
15 99955237586257736081185144146673
16 -833010239522434076016265954894524127
17 -16826649443021127805094022496304834983279
18 -638904947130897468872920426132000448289206568
19 -25593488966729924438975858081060673365913809589809
20 7181013679263817846727858420665387696103091843874223883
21 948444391263290309356198105648809014644501998258277500499143
22 235379233573839363620192756461044276557556253866385585164413489392
23 -54500554583189043428398660915359397266220538429635621591294262417324103
24 -348796773834471039592655637098524887440913907793256963924920273296046401633759
25 -388848595704439223089694504930453478973524255393361329820154283099889113585506444119
26 -435454785501308905456349600231969602799192326490188581845511870106167144503007058402946360
27 6448599681229333297557655144789442610068375496523004796681811812072677860886853187427094915015351
28 118230049684556644178550409901722025410532332404879206830998106848805541213467846646981517260417095442555
29 1001711915420490022189512826109528149507207060117690673881454190198740310680391402118912261271655219686742371999
30 -3451096812055294229401127271120825775844410846834679610156764916697685712253924291241948231695484040428426405298164416
31 -2289467955948977998128219804793004504577575429848894769594277213065087238982099843489785264960473980051729103880721612244127391
32 -305036143902493061501338004880257227870464135135592275676492310472076786007607852313017090866017534024183011099084811064009547990747967
