2 1.4655712318767717 0.9999999999999998
3 1.8265157722360477 1.6914025543803293
4 2.100456127949779 2.09147674802234
5 2.3121194925524886 2.3515090002243886
6 2.4796933117581235 2.535761614557489
7 2.6154301682125425 2.6751308518338077
8 2.7275825912155995 2.7856812910719424
9 2.821828285996935 2.876399727954218
10 2.9021747431326936 2.9526891536385578
11 2.9715217286178195 3.018023603646424
12 3.0320156013136064 3.0747699152847487
13 3.08527761120848 3.1246178038450365
14 3.132554660194469 3.1688184331104225
15 3.174821259033795 3.208324882271485
16 3.2128500237893314 3.2438795898881456
17 3.2472614184481365 3.2760714829684963
18 3.278559508123225 3.305374818551355
19 3.3071580928340367 3.33217645683852
20 3.3334001047363477 3.356795517878686
symbolic 1
symbolic 2
symbolic 3
symbolic 4
scalar 10 2.700133005413212 3.2847596397775582
scalar 20 3.235874254873824 3.5390478301764934
scalar 50 3.644878661359499 3.7589497021829583
scalar 100 3.806523492828018 3.8581087163985104
scalar 200 3.89555898435896 3.9185985151511815
scalar 500 3.953756065024447 3.962095160079864
scalar 1000 3.9751398962611058 3.9790979985297077
scalar 3000 3.9907959308961005 3.9920410715679244
scalar 10000 3.99694227523599 3.997299979024825
scalar 30000 3.9988924686651512 3.999008298622803
scalar 100000 3.9996392833723653 3.999673193340679
scalar 300000 3.99987125180224 3.9998823574718516
scalar 1000000 3.9999586173358233 3.999961897467777
