# a(n) = number of ones in prod(j=0..n-1)(1+x^(2^j))(1+x^(3^j))
# This is an OEIS-style data file; no OEIS identifier is claimed.
0 1
1 2
2 2
3 2
4 2
5 4
6 4
7 4
8 8
9 8
10 16
11 16
12 16
13 32
14 32
15 32
16 64
17 64
18 128
19 128
20 128
21 256
22 256
23 256
24 512
25 512
26 512
27 1024
28 1024
29 2048
30 2048
31 2048
32 4096
33 4096
34 4096
35 8192
36 8192
37 16384
38 16384
39 16384
40 32768
41 32768
42 32768
43 65536
44 65536
45 65536
46 131072
47 131072
48 262144
49 262144
50 262144
51 524288
52 524288
53 524288
54 1048576
55 1048576
56 2097152
57 2097152
58 2097152
59 4194304
60 4194304
61 4194304
62 8388608
63 8388608
64 8388608
65 16777216
66 16777216
67 33554432
68 33554432
69 33554432
70 67108864
71 67108864
72 67108864
73 134217728
74 134217728
75 268435456
76 268435456
77 268435456
78 536870912
79 536870912
80 536870912
81 1073741824
82 1073741824
83 2147483648
84 2147483648
85 2147483648
86 4294967296
87 4294967296
88 4294967296
89 8589934592
90 8589934592
91 8589934592
92 17179869184
93 17179869184
94 34359738368
95 34359738368
96 34359738368
97 68719476736
98 68719476736
99 68719476736
100 137438953472
101 137438953472
102 274877906944
103 274877906944
104 274877906944
105 549755813888
106 549755813888
107 549755813888
108 1099511627776
109 1099511627776
110 1099511627776
111 2199023255552
112 2199023255552
113 4398046511104
114 4398046511104
115 4398046511104
116 8796093022208
117 8796093022208
118 8796093022208
119 17592186044416
120 17592186044416
121 35184372088832
122 35184372088832
123 35184372088832
124 70368744177664
125 70368744177664
126 70368744177664
127 140737488355328
128 140737488355328
129 140737488355328
130 281474976710656
131 281474976710656
132 562949953421312
133 562949953421312
134 562949953421312
135 1125899906842624
136 1125899906842624
137 1125899906842624
138 2251799813685248
139 2251799813685248
140 4503599627370496
141 4503599627370496
142 4503599627370496
143 9007199254740992
144 9007199254740992
145 9007199254740992
146 18014398509481984
147 18014398509481984
148 18014398509481984
149 36028797018963968
150 36028797018963968
151 72057594037927936
152 72057594037927936
153 72057594037927936
154 144115188075855872
155 144115188075855872
156 144115188075855872
157 288230376151711744
158 288230376151711744
159 576460752303423488
160 576460752303423488
161 576460752303423488
162 1152921504606846976
163 1152921504606846976
164 1152921504606846976
165 2305843009213693952
166 2305843009213693952
167 4611686018427387904
168 4611686018427387904
169 4611686018427387904
170 9223372036854775808
171 9223372036854775808
172 9223372036854775808
173 18446744073709551616
174 18446744073709551616
175 18446744073709551616
176 36893488147419103232
177 36893488147419103232
178 73786976294838206464
179 73786976294838206464
180 73786976294838206464
181 147573952589676412928
182 147573952589676412928
183 147573952589676412928
184 295147905179352825856
185 295147905179352825856
186 590295810358705651712
187 590295810358705651712
188 590295810358705651712
189 1180591620717411303424
190 1180591620717411303424
191 1180591620717411303424
192 2361183241434822606848
193 2361183241434822606848
194 2361183241434822606848
195 4722366482869645213696
196 4722366482869645213696
197 9444732965739290427392
198 9444732965739290427392
199 9444732965739290427392
200 18889465931478580854784
201 18889465931478580854784
202 18889465931478580854784
203 37778931862957161709568
204 37778931862957161709568
205 75557863725914323419136
206 75557863725914323419136
207 75557863725914323419136
208 151115727451828646838272
209 151115727451828646838272
210 151115727451828646838272
211 302231454903657293676544
212 302231454903657293676544
213 302231454903657293676544
214 604462909807314587353088
215 604462909807314587353088
216 1208925819614629174706176
217 1208925819614629174706176
218 1208925819614629174706176
219 2417851639229258349412352
220 2417851639229258349412352
221 2417851639229258349412352
222 4835703278458516698824704
223 4835703278458516698824704
224 9671406556917033397649408
225 9671406556917033397649408
226 9671406556917033397649408
227 19342813113834066795298816
228 19342813113834066795298816
229 19342813113834066795298816
230 38685626227668133590597632
231 38685626227668133590597632
232 38685626227668133590597632
233 77371252455336267181195264
234 77371252455336267181195264
235 154742504910672534362390528
236 154742504910672534362390528
237 154742504910672534362390528
238 309485009821345068724781056
239 309485009821345068724781056
240 309485009821345068724781056
241 618970019642690137449562112
242 618970019642690137449562112
243 1237940039285380274899124224
244 1237940039285380274899124224
245 1237940039285380274899124224
246 2475880078570760549798248448
247 2475880078570760549798248448
248 2475880078570760549798248448
249 4951760157141521099596496896
250 4951760157141521099596496896
251 9903520314283042199192993792
252 9903520314283042199192993792
253 9903520314283042199192993792
254 19807040628566084398385987584
255 19807040628566084398385987584
256 19807040628566084398385987584
257 39614081257132168796771975168
258 39614081257132168796771975168
259 39614081257132168796771975168
260 79228162514264337593543950336
261 79228162514264337593543950336
262 158456325028528675187087900672
263 158456325028528675187087900672
264 158456325028528675187087900672
265 316912650057057350374175801344
266 316912650057057350374175801344
267 316912650057057350374175801344
268 633825300114114700748351602688
269 633825300114114700748351602688
270 1267650600228229401496703205376
271 1267650600228229401496703205376
272 1267650600228229401496703205376
273 2535301200456458802993406410752
274 2535301200456458802993406410752
275 2535301200456458802993406410752
276 5070602400912917605986812821504
277 5070602400912917605986812821504
278 5070602400912917605986812821504
279 10141204801825835211973625643008
280 10141204801825835211973625643008
281 20282409603651670423947251286016
282 20282409603651670423947251286016
283 20282409603651670423947251286016
284 40564819207303340847894502572032
285 40564819207303340847894502572032
286 40564819207303340847894502572032
287 81129638414606681695789005144064
288 81129638414606681695789005144064
289 162259276829213363391578010288128
290 162259276829213363391578010288128
291 162259276829213363391578010288128
292 324518553658426726783156020576256
293 324518553658426726783156020576256
294 324518553658426726783156020576256
295 649037107316853453566312041152512
296 649037107316853453566312041152512
297 649037107316853453566312041152512
298 1298074214633706907132624082305024
299 1298074214633706907132624082305024
300 2596148429267413814265248164610048
301 2596148429267413814265248164610048
302 2596148429267413814265248164610048
303 5192296858534827628530496329220096
304 5192296858534827628530496329220096
305 5192296858534827628530496329220096
306 10384593717069655257060992658440192
307 10384593717069655257060992658440192
308 20769187434139310514121985316880384
309 20769187434139310514121985316880384
310 20769187434139310514121985316880384
311 41538374868278621028243970633760768
312 41538374868278621028243970633760768
313 41538374868278621028243970633760768
314 83076749736557242056487941267521536
315 83076749736557242056487941267521536
316 83076749736557242056487941267521536
317 166153499473114484112975882535043072
318 166153499473114484112975882535043072
319 332306998946228968225951765070086144
320 332306998946228968225951765070086144
321 332306998946228968225951765070086144
322 664613997892457936451903530140172288
323 664613997892457936451903530140172288
324 664613997892457936451903530140172288
325 1329227995784915872903807060280344576
326 1329227995784915872903807060280344576
327 2658455991569831745807614120560689152
328 2658455991569831745807614120560689152
329 2658455991569831745807614120560689152
330 5316911983139663491615228241121378304
331 5316911983139663491615228241121378304
332 5316911983139663491615228241121378304
333 10633823966279326983230456482242756608
334 10633823966279326983230456482242756608
335 21267647932558653966460912964485513216
336 21267647932558653966460912964485513216
337 21267647932558653966460912964485513216
338 42535295865117307932921825928971026432
339 42535295865117307932921825928971026432
340 42535295865117307932921825928971026432
341 85070591730234615865843651857942052864
342 85070591730234615865843651857942052864
343 85070591730234615865843651857942052864
344 170141183460469231731687303715884105728
345 170141183460469231731687303715884105728
346 340282366920938463463374607431768211456
347 340282366920938463463374607431768211456
348 340282366920938463463374607431768211456
349 680564733841876926926749214863536422912
350 680564733841876926926749214863536422912
351 680564733841876926926749214863536422912
352 1361129467683753853853498429727072845824
353 1361129467683753853853498429727072845824
354 2722258935367507707706996859454145691648
355 2722258935367507707706996859454145691648
356 2722258935367507707706996859454145691648
357 5444517870735015415413993718908291383296
358 5444517870735015415413993718908291383296
359 5444517870735015415413993718908291383296
360 10889035741470030830827987437816582766592
361 10889035741470030830827987437816582766592
362 10889035741470030830827987437816582766592
363 21778071482940061661655974875633165533184
364 21778071482940061661655974875633165533184
365 43556142965880123323311949751266331066368
366 43556142965880123323311949751266331066368
367 43556142965880123323311949751266331066368
368 87112285931760246646623899502532662132736
369 87112285931760246646623899502532662132736
370 87112285931760246646623899502532662132736
371 174224571863520493293247799005065324265472
372 174224571863520493293247799005065324265472
373 348449143727040986586495598010130648530944
374 348449143727040986586495598010130648530944
375 348449143727040986586495598010130648530944
376 696898287454081973172991196020261297061888
377 696898287454081973172991196020261297061888
378 696898287454081973172991196020261297061888
379 1393796574908163946345982392040522594123776
380 1393796574908163946345982392040522594123776
381 1393796574908163946345982392040522594123776
382 2787593149816327892691964784081045188247552
383 2787593149816327892691964784081045188247552
384 5575186299632655785383929568162090376495104
385 5575186299632655785383929568162090376495104
386 5575186299632655785383929568162090376495104
387 11150372599265311570767859136324180752990208
388 11150372599265311570767859136324180752990208
389 11150372599265311570767859136324180752990208
390 22300745198530623141535718272648361505980416
391 22300745198530623141535718272648361505980416
392 44601490397061246283071436545296723011960832
393 44601490397061246283071436545296723011960832
394 44601490397061246283071436545296723011960832
395 89202980794122492566142873090593446023921664
396 89202980794122492566142873090593446023921664
397 89202980794122492566142873090593446023921664
398 178405961588244985132285746181186892047843328
399 178405961588244985132285746181186892047843328
400 178405961588244985132285746181186892047843328
401 356811923176489970264571492362373784095686656
402 356811923176489970264571492362373784095686656
403 713623846352979940529142984724747568191373312
404 713623846352979940529142984724747568191373312
405 713623846352979940529142984724747568191373312
406 1427247692705959881058285969449495136382746624
407 1427247692705959881058285969449495136382746624
408 1427247692705959881058285969449495136382746624
409 2854495385411919762116571938898990272765493248
410 2854495385411919762116571938898990272765493248
411 5708990770823839524233143877797980545530986496
412 5708990770823839524233143877797980545530986496
413 5708990770823839524233143877797980545530986496
414 11417981541647679048466287755595961091061972992
415 11417981541647679048466287755595961091061972992
416 11417981541647679048466287755595961091061972992
417 22835963083295358096932575511191922182123945984
418 22835963083295358096932575511191922182123945984
419 45671926166590716193865151022383844364247891968
420 45671926166590716193865151022383844364247891968
421 45671926166590716193865151022383844364247891968
422 91343852333181432387730302044767688728495783936
423 91343852333181432387730302044767688728495783936
424 91343852333181432387730302044767688728495783936
425 182687704666362864775460604089535377456991567872
426 182687704666362864775460604089535377456991567872
427 182687704666362864775460604089535377456991567872
428 365375409332725729550921208179070754913983135744
429 365375409332725729550921208179070754913983135744
430 730750818665451459101842416358141509827966271488
431 730750818665451459101842416358141509827966271488
432 730750818665451459101842416358141509827966271488
433 1461501637330902918203684832716283019655932542976
434 1461501637330902918203684832716283019655932542976
435 1461501637330902918203684832716283019655932542976
436 2923003274661805836407369665432566039311865085952
437 2923003274661805836407369665432566039311865085952
438 5846006549323611672814739330865132078623730171904
439 5846006549323611672814739330865132078623730171904
440 5846006549323611672814739330865132078623730171904
441 11692013098647223345629478661730264157247460343808
442 11692013098647223345629478661730264157247460343808
443 11692013098647223345629478661730264157247460343808
444 23384026197294446691258957323460528314494920687616
445 23384026197294446691258957323460528314494920687616
446 23384026197294446691258957323460528314494920687616
447 46768052394588893382517914646921056628989841375232
448 46768052394588893382517914646921056628989841375232
449 93536104789177786765035829293842113257979682750464
450 93536104789177786765035829293842113257979682750464
451 93536104789177786765035829293842113257979682750464
452 187072209578355573530071658587684226515959365500928
453 187072209578355573530071658587684226515959365500928
454 187072209578355573530071658587684226515959365500928
455 374144419156711147060143317175368453031918731001856
456 374144419156711147060143317175368453031918731001856
457 748288838313422294120286634350736906063837462003712
458 748288838313422294120286634350736906063837462003712
459 748288838313422294120286634350736906063837462003712
460 1496577676626844588240573268701473812127674924007424
461 1496577676626844588240573268701473812127674924007424
462 1496577676626844588240573268701473812127674924007424
463 2993155353253689176481146537402947624255349848014848
464 2993155353253689176481146537402947624255349848014848
465 2993155353253689176481146537402947624255349848014848
466 5986310706507378352962293074805895248510699696029696
467 5986310706507378352962293074805895248510699696029696
468 11972621413014756705924586149611790497021399392059392
469 11972621413014756705924586149611790497021399392059392
470 11972621413014756705924586149611790497021399392059392
471 23945242826029513411849172299223580994042798784118784
472 23945242826029513411849172299223580994042798784118784
473 23945242826029513411849172299223580994042798784118784
474 47890485652059026823698344598447161988085597568237568
475 47890485652059026823698344598447161988085597568237568
476 95780971304118053647396689196894323976171195136475136
477 95780971304118053647396689196894323976171195136475136
478 95780971304118053647396689196894323976171195136475136
479 191561942608236107294793378393788647952342390272950272
480 191561942608236107294793378393788647952342390272950272
481 191561942608236107294793378393788647952342390272950272
482 383123885216472214589586756787577295904684780545900544
483 383123885216472214589586756787577295904684780545900544
484 383123885216472214589586756787577295904684780545900544
485 766247770432944429179173513575154591809369561091801088
486 766247770432944429179173513575154591809369561091801088
487 1532495540865888858358347027150309183618739122183602176
488 1532495540865888858358347027150309183618739122183602176
489 1532495540865888858358347027150309183618739122183602176
490 3064991081731777716716694054300618367237478244367204352
491 3064991081731777716716694054300618367237478244367204352
492 3064991081731777716716694054300618367237478244367204352
493 6129982163463555433433388108601236734474956488734408704
494 6129982163463555433433388108601236734474956488734408704
495 12259964326927110866866776217202473468949912977468817408
496 12259964326927110866866776217202473468949912977468817408
497 12259964326927110866866776217202473468949912977468817408
498 24519928653854221733733552434404946937899825954937634816
499 24519928653854221733733552434404946937899825954937634816
500 24519928653854221733733552434404946937899825954937634816
501 49039857307708443467467104868809893875799651909875269632
502 49039857307708443467467104868809893875799651909875269632
503 98079714615416886934934209737619787751599303819750539264
504 98079714615416886934934209737619787751599303819750539264
505 98079714615416886934934209737619787751599303819750539264
506 196159429230833773869868419475239575503198607639501078528
507 196159429230833773869868419475239575503198607639501078528
508 196159429230833773869868419475239575503198607639501078528
509 392318858461667547739736838950479151006397215279002157056
510 392318858461667547739736838950479151006397215279002157056
511 392318858461667547739736838950479151006397215279002157056
512 784637716923335095479473677900958302012794430558004314112
513 784637716923335095479473677900958302012794430558004314112
514 1569275433846670190958947355801916604025588861116008628224
515 1569275433846670190958947355801916604025588861116008628224
516 1569275433846670190958947355801916604025588861116008628224
517 3138550867693340381917894711603833208051177722232017256448
518 3138550867693340381917894711603833208051177722232017256448
519 3138550867693340381917894711603833208051177722232017256448
520 6277101735386680763835789423207666416102355444464034512896
521 6277101735386680763835789423207666416102355444464034512896
522 12554203470773361527671578846415332832204710888928069025792
523 12554203470773361527671578846415332832204710888928069025792
524 12554203470773361527671578846415332832204710888928069025792
525 25108406941546723055343157692830665664409421777856138051584
526 25108406941546723055343157692830665664409421777856138051584
527 25108406941546723055343157692830665664409421777856138051584
528 50216813883093446110686315385661331328818843555712276103168
529 50216813883093446110686315385661331328818843555712276103168
530 50216813883093446110686315385661331328818843555712276103168
531 100433627766186892221372630771322662657637687111424552206336
532 100433627766186892221372630771322662657637687111424552206336
533 200867255532373784442745261542645325315275374222849104412672
534 200867255532373784442745261542645325315275374222849104412672
535 200867255532373784442745261542645325315275374222849104412672
536 401734511064747568885490523085290650630550748445698208825344
537 401734511064747568885490523085290650630550748445698208825344
538 401734511064747568885490523085290650630550748445698208825344
539 803469022129495137770981046170581301261101496891396417650688
540 803469022129495137770981046170581301261101496891396417650688
541 1606938044258990275541962092341162602522202993782792835301376
542 1606938044258990275541962092341162602522202993782792835301376
543 1606938044258990275541962092341162602522202993782792835301376
544 3213876088517980551083924184682325205044405987565585670602752
545 3213876088517980551083924184682325205044405987565585670602752
546 3213876088517980551083924184682325205044405987565585670602752
547 6427752177035961102167848369364650410088811975131171341205504
548 6427752177035961102167848369364650410088811975131171341205504
549 6427752177035961102167848369364650410088811975131171341205504
550 12855504354071922204335696738729300820177623950262342682411008
551 12855504354071922204335696738729300820177623950262342682411008
552 25711008708143844408671393477458601640355247900524685364822016
553 25711008708143844408671393477458601640355247900524685364822016
554 25711008708143844408671393477458601640355247900524685364822016
555 51422017416287688817342786954917203280710495801049370729644032
556 51422017416287688817342786954917203280710495801049370729644032
557 51422017416287688817342786954917203280710495801049370729644032
558 102844034832575377634685573909834406561420991602098741459288064
559 102844034832575377634685573909834406561420991602098741459288064
560 205688069665150755269371147819668813122841983204197482918576128
561 205688069665150755269371147819668813122841983204197482918576128
562 205688069665150755269371147819668813122841983204197482918576128
563 411376139330301510538742295639337626245683966408394965837152256
564 411376139330301510538742295639337626245683966408394965837152256
565 411376139330301510538742295639337626245683966408394965837152256
566 822752278660603021077484591278675252491367932816789931674304512
567 822752278660603021077484591278675252491367932816789931674304512
568 1645504557321206042154969182557350504982735865633579863348609024
569 1645504557321206042154969182557350504982735865633579863348609024
570 1645504557321206042154969182557350504982735865633579863348609024
571 3291009114642412084309938365114701009965471731267159726697218048
572 3291009114642412084309938365114701009965471731267159726697218048
573 3291009114642412084309938365114701009965471731267159726697218048
574 6582018229284824168619876730229402019930943462534319453394436096
575 6582018229284824168619876730229402019930943462534319453394436096
576 6582018229284824168619876730229402019930943462534319453394436096
577 13164036458569648337239753460458804039861886925068638906788872192
578 13164036458569648337239753460458804039861886925068638906788872192
579 26328072917139296674479506920917608079723773850137277813577744384
580 26328072917139296674479506920917608079723773850137277813577744384
581 26328072917139296674479506920917608079723773850137277813577744384
582 52656145834278593348959013841835216159447547700274555627155488768
583 52656145834278593348959013841835216159447547700274555627155488768
584 52656145834278593348959013841835216159447547700274555627155488768
585 105312291668557186697918027683670432318895095400549111254310977536
586 105312291668557186697918027683670432318895095400549111254310977536
587 210624583337114373395836055367340864637790190801098222508621955072
588 210624583337114373395836055367340864637790190801098222508621955072
589 210624583337114373395836055367340864637790190801098222508621955072
590 421249166674228746791672110734681729275580381602196445017243910144
591 421249166674228746791672110734681729275580381602196445017243910144
592 421249166674228746791672110734681729275580381602196445017243910144
593 842498333348457493583344221469363458551160763204392890034487820288
594 842498333348457493583344221469363458551160763204392890034487820288
595 842498333348457493583344221469363458551160763204392890034487820288
596 1684996666696914987166688442938726917102321526408785780068975640576
597 1684996666696914987166688442938726917102321526408785780068975640576
598 3369993333393829974333376885877453834204643052817571560137951281152
599 3369993333393829974333376885877453834204643052817571560137951281152
600 3369993333393829974333376885877453834204643052817571560137951281152
601 6739986666787659948666753771754907668409286105635143120275902562304
602 6739986666787659948666753771754907668409286105635143120275902562304
603 6739986666787659948666753771754907668409286105635143120275902562304
604 13479973333575319897333507543509815336818572211270286240551805124608
605 13479973333575319897333507543509815336818572211270286240551805124608
606 26959946667150639794667015087019630673637144422540572481103610249216
607 26959946667150639794667015087019630673637144422540572481103610249216
608 26959946667150639794667015087019630673637144422540572481103610249216
609 53919893334301279589334030174039261347274288845081144962207220498432
610 53919893334301279589334030174039261347274288845081144962207220498432
611 53919893334301279589334030174039261347274288845081144962207220498432
612 107839786668602559178668060348078522694548577690162289924414440996864
613 107839786668602559178668060348078522694548577690162289924414440996864
614 107839786668602559178668060348078522694548577690162289924414440996864
615 215679573337205118357336120696157045389097155380324579848828881993728
616 215679573337205118357336120696157045389097155380324579848828881993728
617 431359146674410236714672241392314090778194310760649159697657763987456
618 431359146674410236714672241392314090778194310760649159697657763987456
619 431359146674410236714672241392314090778194310760649159697657763987456
620 862718293348820473429344482784628181556388621521298319395315527974912
621 862718293348820473429344482784628181556388621521298319395315527974912
622 862718293348820473429344482784628181556388621521298319395315527974912
623 1725436586697640946858688965569256363112777243042596638790631055949824
624 1725436586697640946858688965569256363112777243042596638790631055949824
625 3450873173395281893717377931138512726225554486085193277581262111899648
626 3450873173395281893717377931138512726225554486085193277581262111899648
627 3450873173395281893717377931138512726225554486085193277581262111899648
628 6901746346790563787434755862277025452451108972170386555162524223799296
629 6901746346790563787434755862277025452451108972170386555162524223799296
630 6901746346790563787434755862277025452451108972170386555162524223799296
631 13803492693581127574869511724554050904902217944340773110325048447598592
632 13803492693581127574869511724554050904902217944340773110325048447598592
633 13803492693581127574869511724554050904902217944340773110325048447598592
634 27606985387162255149739023449108101809804435888681546220650096895197184
635 27606985387162255149739023449108101809804435888681546220650096895197184
636 55213970774324510299478046898216203619608871777363092441300193790394368
637 55213970774324510299478046898216203619608871777363092441300193790394368
638 55213970774324510299478046898216203619608871777363092441300193790394368
639 110427941548649020598956093796432407239217743554726184882600387580788736
640 110427941548649020598956093796432407239217743554726184882600387580788736
641 110427941548649020598956093796432407239217743554726184882600387580788736
642 220855883097298041197912187592864814478435487109452369765200775161577472
643 220855883097298041197912187592864814478435487109452369765200775161577472
644 441711766194596082395824375185729628956870974218904739530401550323154944
645 441711766194596082395824375185729628956870974218904739530401550323154944
646 441711766194596082395824375185729628956870974218904739530401550323154944
647 883423532389192164791648750371459257913741948437809479060803100646309888
648 883423532389192164791648750371459257913741948437809479060803100646309888
649 883423532389192164791648750371459257913741948437809479060803100646309888
650 1766847064778384329583297500742918515827483896875618958121606201292619776
651 1766847064778384329583297500742918515827483896875618958121606201292619776
652 3533694129556768659166595001485837031654967793751237916243212402585239552
653 3533694129556768659166595001485837031654967793751237916243212402585239552
654 3533694129556768659166595001485837031654967793751237916243212402585239552
655 7067388259113537318333190002971674063309935587502475832486424805170479104
656 7067388259113537318333190002971674063309935587502475832486424805170479104
657 7067388259113537318333190002971674063309935587502475832486424805170479104
658 14134776518227074636666380005943348126619871175004951664972849610340958208
659 14134776518227074636666380005943348126619871175004951664972849610340958208
660 14134776518227074636666380005943348126619871175004951664972849610340958208
661 28269553036454149273332760011886696253239742350009903329945699220681916416
662 28269553036454149273332760011886696253239742350009903329945699220681916416
663 56539106072908298546665520023773392506479484700019806659891398441363832832
664 56539106072908298546665520023773392506479484700019806659891398441363832832
665 56539106072908298546665520023773392506479484700019806659891398441363832832
666 113078212145816597093331040047546785012958969400039613319782796882727665664
667 113078212145816597093331040047546785012958969400039613319782796882727665664
668 113078212145816597093331040047546785012958969400039613319782796882727665664
669 226156424291633194186662080095093570025917938800079226639565593765455331328
670 226156424291633194186662080095093570025917938800079226639565593765455331328
671 452312848583266388373324160190187140051835877600158453279131187530910662656
672 452312848583266388373324160190187140051835877600158453279131187530910662656
673 452312848583266388373324160190187140051835877600158453279131187530910662656
674 904625697166532776746648320380374280103671755200316906558262375061821325312
675 904625697166532776746648320380374280103671755200316906558262375061821325312
676 904625697166532776746648320380374280103671755200316906558262375061821325312
677 1809251394333065553493296640760748560207343510400633813116524750123642650624
678 1809251394333065553493296640760748560207343510400633813116524750123642650624
679 1809251394333065553493296640760748560207343510400633813116524750123642650624
680 3618502788666131106986593281521497120414687020801267626233049500247285301248
681 3618502788666131106986593281521497120414687020801267626233049500247285301248
682 7237005577332262213973186563042994240829374041602535252466099000494570602496
683 7237005577332262213973186563042994240829374041602535252466099000494570602496
684 7237005577332262213973186563042994240829374041602535252466099000494570602496
685 14474011154664524427946373126085988481658748083205070504932198000989141204992
686 14474011154664524427946373126085988481658748083205070504932198000989141204992
687 14474011154664524427946373126085988481658748083205070504932198000989141204992
688 28948022309329048855892746252171976963317496166410141009864396001978282409984
689 28948022309329048855892746252171976963317496166410141009864396001978282409984
690 57896044618658097711785492504343953926634992332820282019728792003956564819968
691 57896044618658097711785492504343953926634992332820282019728792003956564819968
692 57896044618658097711785492504343953926634992332820282019728792003956564819968
693 115792089237316195423570985008687907853269984665640564039457584007913129639936
694 115792089237316195423570985008687907853269984665640564039457584007913129639936
695 115792089237316195423570985008687907853269984665640564039457584007913129639936
696 231584178474632390847141970017375815706539969331281128078915168015826259279872
697 231584178474632390847141970017375815706539969331281128078915168015826259279872
698 231584178474632390847141970017375815706539969331281128078915168015826259279872
699 463168356949264781694283940034751631413079938662562256157830336031652518559744
700 463168356949264781694283940034751631413079938662562256157830336031652518559744
701 926336713898529563388567880069503262826159877325124512315660672063305037119488
702 926336713898529563388567880069503262826159877325124512315660672063305037119488
703 926336713898529563388567880069503262826159877325124512315660672063305037119488
704 1852673427797059126777135760139006525652319754650249024631321344126610074238976
705 1852673427797059126777135760139006525652319754650249024631321344126610074238976
706 1852673427797059126777135760139006525652319754650249024631321344126610074238976
707 3705346855594118253554271520278013051304639509300498049262642688253220148477952
708 3705346855594118253554271520278013051304639509300498049262642688253220148477952
709 7410693711188236507108543040556026102609279018600996098525285376506440296955904
710 7410693711188236507108543040556026102609279018600996098525285376506440296955904
711 7410693711188236507108543040556026102609279018600996098525285376506440296955904
712 14821387422376473014217086081112052205218558037201992197050570753012880593911808
713 14821387422376473014217086081112052205218558037201992197050570753012880593911808
714 14821387422376473014217086081112052205218558037201992197050570753012880593911808
715 29642774844752946028434172162224104410437116074403984394101141506025761187823616
716 29642774844752946028434172162224104410437116074403984394101141506025761187823616
717 29642774844752946028434172162224104410437116074403984394101141506025761187823616
718 59285549689505892056868344324448208820874232148807968788202283012051522375647232
719 59285549689505892056868344324448208820874232148807968788202283012051522375647232
720 118571099379011784113736688648896417641748464297615937576404566024103044751294464
721 118571099379011784113736688648896417641748464297615937576404566024103044751294464
722 118571099379011784113736688648896417641748464297615937576404566024103044751294464
723 237142198758023568227473377297792835283496928595231875152809132048206089502588928
724 237142198758023568227473377297792835283496928595231875152809132048206089502588928
725 237142198758023568227473377297792835283496928595231875152809132048206089502588928
726 474284397516047136454946754595585670566993857190463750305618264096412179005177856
727 474284397516047136454946754595585670566993857190463750305618264096412179005177856
728 948568795032094272909893509191171341133987714380927500611236528192824358010355712
729 948568795032094272909893509191171341133987714380927500611236528192824358010355712
730 948568795032094272909893509191171341133987714380927500611236528192824358010355712
731 1897137590064188545819787018382342682267975428761855001222473056385648716020711424
732 1897137590064188545819787018382342682267975428761855001222473056385648716020711424
733 1897137590064188545819787018382342682267975428761855001222473056385648716020711424
734 3794275180128377091639574036764685364535950857523710002444946112771297432041422848
735 3794275180128377091639574036764685364535950857523710002444946112771297432041422848
736 7588550360256754183279148073529370729071901715047420004889892225542594864082845696
737 7588550360256754183279148073529370729071901715047420004889892225542594864082845696
738 7588550360256754183279148073529370729071901715047420004889892225542594864082845696
739 15177100720513508366558296147058741458143803430094840009779784451085189728165691392
740 15177100720513508366558296147058741458143803430094840009779784451085189728165691392
741 15177100720513508366558296147058741458143803430094840009779784451085189728165691392
742 30354201441027016733116592294117482916287606860189680019559568902170379456331382784
743 30354201441027016733116592294117482916287606860189680019559568902170379456331382784
744 30354201441027016733116592294117482916287606860189680019559568902170379456331382784
745 60708402882054033466233184588234965832575213720379360039119137804340758912662765568
746 60708402882054033466233184588234965832575213720379360039119137804340758912662765568
747 121416805764108066932466369176469931665150427440758720078238275608681517825325531136
748 121416805764108066932466369176469931665150427440758720078238275608681517825325531136
749 121416805764108066932466369176469931665150427440758720078238275608681517825325531136
750 242833611528216133864932738352939863330300854881517440156476551217363035650651062272
751 242833611528216133864932738352939863330300854881517440156476551217363035650651062272
752 242833611528216133864932738352939863330300854881517440156476551217363035650651062272
753 485667223056432267729865476705879726660601709763034880312953102434726071301302124544
754 485667223056432267729865476705879726660601709763034880312953102434726071301302124544
755 971334446112864535459730953411759453321203419526069760625906204869452142602604249088
756 971334446112864535459730953411759453321203419526069760625906204869452142602604249088
757 971334446112864535459730953411759453321203419526069760625906204869452142602604249088
758 1942668892225729070919461906823518906642406839052139521251812409738904285205208498176
759 1942668892225729070919461906823518906642406839052139521251812409738904285205208498176
760 1942668892225729070919461906823518906642406839052139521251812409738904285205208498176
761 3885337784451458141838923813647037813284813678104279042503624819477808570410416996352
762 3885337784451458141838923813647037813284813678104279042503624819477808570410416996352
763 3885337784451458141838923813647037813284813678104279042503624819477808570410416996352
764 7770675568902916283677847627294075626569627356208558085007249638955617140820833992704
765 7770675568902916283677847627294075626569627356208558085007249638955617140820833992704
766 15541351137805832567355695254588151253139254712417116170014499277911234281641667985408
767 15541351137805832567355695254588151253139254712417116170014499277911234281641667985408
768 15541351137805832567355695254588151253139254712417116170014499277911234281641667985408
769 31082702275611665134711390509176302506278509424834232340028998555822468563283335970816
770 31082702275611665134711390509176302506278509424834232340028998555822468563283335970816
771 31082702275611665134711390509176302506278509424834232340028998555822468563283335970816
772 62165404551223330269422781018352605012557018849668464680057997111644937126566671941632
773 62165404551223330269422781018352605012557018849668464680057997111644937126566671941632
774 124330809102446660538845562036705210025114037699336929360115994223289874253133343883264
775 124330809102446660538845562036705210025114037699336929360115994223289874253133343883264
776 124330809102446660538845562036705210025114037699336929360115994223289874253133343883264
777 248661618204893321077691124073410420050228075398673858720231988446579748506266687766528
778 248661618204893321077691124073410420050228075398673858720231988446579748506266687766528
779 248661618204893321077691124073410420050228075398673858720231988446579748506266687766528
780 497323236409786642155382248146820840100456150797347717440463976893159497012533375533056
781 497323236409786642155382248146820840100456150797347717440463976893159497012533375533056
782 497323236409786642155382248146820840100456150797347717440463976893159497012533375533056
783 994646472819573284310764496293641680200912301594695434880927953786318994025066751066112
784 994646472819573284310764496293641680200912301594695434880927953786318994025066751066112
785 1989292945639146568621528992587283360401824603189390869761855907572637988050133502132224
786 1989292945639146568621528992587283360401824603189390869761855907572637988050133502132224
787 1989292945639146568621528992587283360401824603189390869761855907572637988050133502132224
788 3978585891278293137243057985174566720803649206378781739523711815145275976100267004264448
789 3978585891278293137243057985174566720803649206378781739523711815145275976100267004264448
790 3978585891278293137243057985174566720803649206378781739523711815145275976100267004264448
791 7957171782556586274486115970349133441607298412757563479047423630290551952200534008528896
792 7957171782556586274486115970349133441607298412757563479047423630290551952200534008528896
793 15914343565113172548972231940698266883214596825515126958094847260581103904401068017057792
794 15914343565113172548972231940698266883214596825515126958094847260581103904401068017057792
795 15914343565113172548972231940698266883214596825515126958094847260581103904401068017057792
796 31828687130226345097944463881396533766429193651030253916189694521162207808802136034115584
797 31828687130226345097944463881396533766429193651030253916189694521162207808802136034115584
798 31828687130226345097944463881396533766429193651030253916189694521162207808802136034115584
799 63657374260452690195888927762793067532858387302060507832379389042324415617604272068231168
800 63657374260452690195888927762793067532858387302060507832379389042324415617604272068231168
801 63657374260452690195888927762793067532858387302060507832379389042324415617604272068231168
802 127314748520905380391777855525586135065716774604121015664758778084648831235208544136462336
803 127314748520905380391777855525586135065716774604121015664758778084648831235208544136462336
804 254629497041810760783555711051172270131433549208242031329517556169297662470417088272924672
805 254629497041810760783555711051172270131433549208242031329517556169297662470417088272924672
806 254629497041810760783555711051172270131433549208242031329517556169297662470417088272924672
807 509258994083621521567111422102344540262867098416484062659035112338595324940834176545849344
808 509258994083621521567111422102344540262867098416484062659035112338595324940834176545849344
809 509258994083621521567111422102344540262867098416484062659035112338595324940834176545849344
810 1018517988167243043134222844204689080525734196832968125318070224677190649881668353091698688
811 1018517988167243043134222844204689080525734196832968125318070224677190649881668353091698688
812 2037035976334486086268445688409378161051468393665936250636140449354381299763336706183397376
813 2037035976334486086268445688409378161051468393665936250636140449354381299763336706183397376
814 2037035976334486086268445688409378161051468393665936250636140449354381299763336706183397376
815 4074071952668972172536891376818756322102936787331872501272280898708762599526673412366794752
816 4074071952668972172536891376818756322102936787331872501272280898708762599526673412366794752
817 4074071952668972172536891376818756322102936787331872501272280898708762599526673412366794752
818 8148143905337944345073782753637512644205873574663745002544561797417525199053346824733589504
819 8148143905337944345073782753637512644205873574663745002544561797417525199053346824733589504
820 16296287810675888690147565507275025288411747149327490005089123594835050398106693649467179008
821 16296287810675888690147565507275025288411747149327490005089123594835050398106693649467179008
822 16296287810675888690147565507275025288411747149327490005089123594835050398106693649467179008
823 32592575621351777380295131014550050576823494298654980010178247189670100796213387298934358016
824 32592575621351777380295131014550050576823494298654980010178247189670100796213387298934358016
825 32592575621351777380295131014550050576823494298654980010178247189670100796213387298934358016
826 65185151242703554760590262029100101153646988597309960020356494379340201592426774597868716032
827 65185151242703554760590262029100101153646988597309960020356494379340201592426774597868716032
828 65185151242703554760590262029100101153646988597309960020356494379340201592426774597868716032
829 130370302485407109521180524058200202307293977194619920040712988758680403184853549195737432064
830 130370302485407109521180524058200202307293977194619920040712988758680403184853549195737432064
831 260740604970814219042361048116400404614587954389239840081425977517360806369707098391474864128
832 260740604970814219042361048116400404614587954389239840081425977517360806369707098391474864128
833 260740604970814219042361048116400404614587954389239840081425977517360806369707098391474864128
834 521481209941628438084722096232800809229175908778479680162851955034721612739414196782949728256
835 521481209941628438084722096232800809229175908778479680162851955034721612739414196782949728256
836 521481209941628438084722096232800809229175908778479680162851955034721612739414196782949728256
837 1042962419883256876169444192465601618458351817556959360325703910069443225478828393565899456512
838 1042962419883256876169444192465601618458351817556959360325703910069443225478828393565899456512
839 2085924839766513752338888384931203236916703635113918720651407820138886450957656787131798913024
840 2085924839766513752338888384931203236916703635113918720651407820138886450957656787131798913024
841 2085924839766513752338888384931203236916703635113918720651407820138886450957656787131798913024
842 4171849679533027504677776769862406473833407270227837441302815640277772901915313574263597826048
843 4171849679533027504677776769862406473833407270227837441302815640277772901915313574263597826048
844 4171849679533027504677776769862406473833407270227837441302815640277772901915313574263597826048
845 8343699359066055009355553539724812947666814540455674882605631280555545803830627148527195652096
846 8343699359066055009355553539724812947666814540455674882605631280555545803830627148527195652096
847 8343699359066055009355553539724812947666814540455674882605631280555545803830627148527195652096
848 16687398718132110018711107079449625895333629080911349765211262561111091607661254297054391304192
849 16687398718132110018711107079449625895333629080911349765211262561111091607661254297054391304192
850 33374797436264220037422214158899251790667258161822699530422525122222183215322508594108782608384
851 33374797436264220037422214158899251790667258161822699530422525122222183215322508594108782608384
852 33374797436264220037422214158899251790667258161822699530422525122222183215322508594108782608384
853 66749594872528440074844428317798503581334516323645399060845050244444366430645017188217565216768
854 66749594872528440074844428317798503581334516323645399060845050244444366430645017188217565216768
855 66749594872528440074844428317798503581334516323645399060845050244444366430645017188217565216768
856 133499189745056880149688856635597007162669032647290798121690100488888732861290034376435130433536
857 133499189745056880149688856635597007162669032647290798121690100488888732861290034376435130433536
858 266998379490113760299377713271194014325338065294581596243380200977777465722580068752870260867072
859 266998379490113760299377713271194014325338065294581596243380200977777465722580068752870260867072
860 266998379490113760299377713271194014325338065294581596243380200977777465722580068752870260867072
861 533996758980227520598755426542388028650676130589163192486760401955554931445160137505740521734144
862 533996758980227520598755426542388028650676130589163192486760401955554931445160137505740521734144
863 533996758980227520598755426542388028650676130589163192486760401955554931445160137505740521734144
864 1067993517960455041197510853084776057301352261178326384973520803911109862890320275011481043468288
865 1067993517960455041197510853084776057301352261178326384973520803911109862890320275011481043468288
866 1067993517960455041197510853084776057301352261178326384973520803911109862890320275011481043468288
867 2135987035920910082395021706169552114602704522356652769947041607822219725780640550022962086936576
868 2135987035920910082395021706169552114602704522356652769947041607822219725780640550022962086936576
869 4271974071841820164790043412339104229205409044713305539894083215644439451561281100045924173873152
870 4271974071841820164790043412339104229205409044713305539894083215644439451561281100045924173873152
871 4271974071841820164790043412339104229205409044713305539894083215644439451561281100045924173873152
872 8543948143683640329580086824678208458410818089426611079788166431288878903122562200091848347746304
873 8543948143683640329580086824678208458410818089426611079788166431288878903122562200091848347746304
874 8543948143683640329580086824678208458410818089426611079788166431288878903122562200091848347746304
875 17087896287367280659160173649356416916821636178853222159576332862577757806245124400183696695492608
876 17087896287367280659160173649356416916821636178853222159576332862577757806245124400183696695492608
877 34175792574734561318320347298712833833643272357706444319152665725155515612490248800367393390985216
878 34175792574734561318320347298712833833643272357706444319152665725155515612490248800367393390985216
879 34175792574734561318320347298712833833643272357706444319152665725155515612490248800367393390985216
880 68351585149469122636640694597425667667286544715412888638305331450311031224980497600734786781970432
881 68351585149469122636640694597425667667286544715412888638305331450311031224980497600734786781970432
882 68351585149469122636640694597425667667286544715412888638305331450311031224980497600734786781970432
883 136703170298938245273281389194851335334573089430825777276610662900622062449960995201469573563940864
884 136703170298938245273281389194851335334573089430825777276610662900622062449960995201469573563940864
885 136703170298938245273281389194851335334573089430825777276610662900622062449960995201469573563940864
886 273406340597876490546562778389702670669146178861651554553221325801244124899921990402939147127881728
887 273406340597876490546562778389702670669146178861651554553221325801244124899921990402939147127881728
888 546812681195752981093125556779405341338292357723303109106442651602488249799843980805878294255763456
889 546812681195752981093125556779405341338292357723303109106442651602488249799843980805878294255763456
890 546812681195752981093125556779405341338292357723303109106442651602488249799843980805878294255763456
891 1093625362391505962186251113558810682676584715446606218212885303204976499599687961611756588511526912
892 1093625362391505962186251113558810682676584715446606218212885303204976499599687961611756588511526912
893 1093625362391505962186251113558810682676584715446606218212885303204976499599687961611756588511526912
894 2187250724783011924372502227117621365353169430893212436425770606409952999199375923223513177023053824
895 2187250724783011924372502227117621365353169430893212436425770606409952999199375923223513177023053824
896 4374501449566023848745004454235242730706338861786424872851541212819905998398751846447026354046107648
897 4374501449566023848745004454235242730706338861786424872851541212819905998398751846447026354046107648
898 4374501449566023848745004454235242730706338861786424872851541212819905998398751846447026354046107648
899 8749002899132047697490008908470485461412677723572849745703082425639811996797503692894052708092215296
900 8749002899132047697490008908470485461412677723572849745703082425639811996797503692894052708092215296
901 8749002899132047697490008908470485461412677723572849745703082425639811996797503692894052708092215296
902 17498005798264095394980017816940970922825355447145699491406164851279623993595007385788105416184430592
903 17498005798264095394980017816940970922825355447145699491406164851279623993595007385788105416184430592
904 34996011596528190789960035633881941845650710894291398982812329702559247987190014771576210832368861184
905 34996011596528190789960035633881941845650710894291398982812329702559247987190014771576210832368861184
906 34996011596528190789960035633881941845650710894291398982812329702559247987190014771576210832368861184
907 69992023193056381579920071267763883691301421788582797965624659405118495974380029543152421664737722368
908 69992023193056381579920071267763883691301421788582797965624659405118495974380029543152421664737722368
909 69992023193056381579920071267763883691301421788582797965624659405118495974380029543152421664737722368
910 139984046386112763159840142535527767382602843577165595931249318810236991948760059086304843329475444736
911 139984046386112763159840142535527767382602843577165595931249318810236991948760059086304843329475444736
912 139984046386112763159840142535527767382602843577165595931249318810236991948760059086304843329475444736
913 279968092772225526319680285071055534765205687154331191862498637620473983897520118172609686658950889472
914 279968092772225526319680285071055534765205687154331191862498637620473983897520118172609686658950889472
915 559936185544451052639360570142111069530411374308662383724997275240947967795040236345219373317901778944
916 559936185544451052639360570142111069530411374308662383724997275240947967795040236345219373317901778944
917 559936185544451052639360570142111069530411374308662383724997275240947967795040236345219373317901778944
918 1119872371088902105278721140284222139060822748617324767449994550481895935590080472690438746635803557888
919 1119872371088902105278721140284222139060822748617324767449994550481895935590080472690438746635803557888
920 1119872371088902105278721140284222139060822748617324767449994550481895935590080472690438746635803557888
921 2239744742177804210557442280568444278121645497234649534899989100963791871180160945380877493271607115776
922 2239744742177804210557442280568444278121645497234649534899989100963791871180160945380877493271607115776
923 4479489484355608421114884561136888556243290994469299069799978201927583742360321890761754986543214231552
924 4479489484355608421114884561136888556243290994469299069799978201927583742360321890761754986543214231552
925 4479489484355608421114884561136888556243290994469299069799978201927583742360321890761754986543214231552
926 8958978968711216842229769122273777112486581988938598139599956403855167484720643781523509973086428463104
927 8958978968711216842229769122273777112486581988938598139599956403855167484720643781523509973086428463104
928 8958978968711216842229769122273777112486581988938598139599956403855167484720643781523509973086428463104
929 17917957937422433684459538244547554224973163977877196279199912807710334969441287563047019946172856926208
930 17917957937422433684459538244547554224973163977877196279199912807710334969441287563047019946172856926208
931 17917957937422433684459538244547554224973163977877196279199912807710334969441287563047019946172856926208
932 35835915874844867368919076489095108449946327955754392558399825615420669938882575126094039892345713852416
933 35835915874844867368919076489095108449946327955754392558399825615420669938882575126094039892345713852416
934 71671831749689734737838152978190216899892655911508785116799651230841339877765150252188079784691427704832
935 71671831749689734737838152978190216899892655911508785116799651230841339877765150252188079784691427704832
936 71671831749689734737838152978190216899892655911508785116799651230841339877765150252188079784691427704832
937 143343663499379469475676305956380433799785311823017570233599302461682679755530300504376159569382855409664
938 143343663499379469475676305956380433799785311823017570233599302461682679755530300504376159569382855409664
939 143343663499379469475676305956380433799785311823017570233599302461682679755530300504376159569382855409664
940 286687326998758938951352611912760867599570623646035140467198604923365359511060601008752319138765710819328
941 286687326998758938951352611912760867599570623646035140467198604923365359511060601008752319138765710819328
942 573374653997517877902705223825521735199141247292070280934397209846730719022121202017504638277531421638656
943 573374653997517877902705223825521735199141247292070280934397209846730719022121202017504638277531421638656
944 573374653997517877902705223825521735199141247292070280934397209846730719022121202017504638277531421638656
945 1146749307995035755805410447651043470398282494584140561868794419693461438044242404035009276555062843277312
946 1146749307995035755805410447651043470398282494584140561868794419693461438044242404035009276555062843277312
947 1146749307995035755805410447651043470398282494584140561868794419693461438044242404035009276555062843277312
948 2293498615990071511610820895302086940796564989168281123737588839386922876088484808070018553110125686554624
949 2293498615990071511610820895302086940796564989168281123737588839386922876088484808070018553110125686554624
950 2293498615990071511610820895302086940796564989168281123737588839386922876088484808070018553110125686554624
951 4586997231980143023221641790604173881593129978336562247475177678773845752176969616140037106220251373109248
952 4586997231980143023221641790604173881593129978336562247475177678773845752176969616140037106220251373109248
953 9173994463960286046443283581208347763186259956673124494950355357547691504353939232280074212440502746218496
954 9173994463960286046443283581208347763186259956673124494950355357547691504353939232280074212440502746218496
955 9173994463960286046443283581208347763186259956673124494950355357547691504353939232280074212440502746218496
956 18347988927920572092886567162416695526372519913346248989900710715095383008707878464560148424881005492436992
957 18347988927920572092886567162416695526372519913346248989900710715095383008707878464560148424881005492436992
958 18347988927920572092886567162416695526372519913346248989900710715095383008707878464560148424881005492436992
959 36695977855841144185773134324833391052745039826692497979801421430190766017415756929120296849762010984873984
960 36695977855841144185773134324833391052745039826692497979801421430190766017415756929120296849762010984873984
961 73391955711682288371546268649666782105490079653384995959602842860381532034831513858240593699524021969747968
962 73391955711682288371546268649666782105490079653384995959602842860381532034831513858240593699524021969747968
963 73391955711682288371546268649666782105490079653384995959602842860381532034831513858240593699524021969747968
964 146783911423364576743092537299333564210980159306769991919205685720763064069663027716481187399048043939495936
965 146783911423364576743092537299333564210980159306769991919205685720763064069663027716481187399048043939495936
966 146783911423364576743092537299333564210980159306769991919205685720763064069663027716481187399048043939495936
967 293567822846729153486185074598667128421960318613539983838411371441526128139326055432962374798096087878991872
968 293567822846729153486185074598667128421960318613539983838411371441526128139326055432962374798096087878991872
969 293567822846729153486185074598667128421960318613539983838411371441526128139326055432962374798096087878991872
970 587135645693458306972370149197334256843920637227079967676822742883052256278652110865924749596192175757983744
971 587135645693458306972370149197334256843920637227079967676822742883052256278652110865924749596192175757983744
972 1174271291386916613944740298394668513687841274454159935353645485766104512557304221731849499192384351515967488
973 1174271291386916613944740298394668513687841274454159935353645485766104512557304221731849499192384351515967488
974 1174271291386916613944740298394668513687841274454159935353645485766104512557304221731849499192384351515967488
975 2348542582773833227889480596789337027375682548908319870707290971532209025114608443463698998384768703031934976
976 2348542582773833227889480596789337027375682548908319870707290971532209025114608443463698998384768703031934976
977 2348542582773833227889480596789337027375682548908319870707290971532209025114608443463698998384768703031934976
978 4697085165547666455778961193578674054751365097816639741414581943064418050229216886927397996769537406063869952
979 4697085165547666455778961193578674054751365097816639741414581943064418050229216886927397996769537406063869952
980 9394170331095332911557922387157348109502730195633279482829163886128836100458433773854795993539074812127739904
981 9394170331095332911557922387157348109502730195633279482829163886128836100458433773854795993539074812127739904
982 9394170331095332911557922387157348109502730195633279482829163886128836100458433773854795993539074812127739904
983 18788340662190665823115844774314696219005460391266558965658327772257672200916867547709591987078149624255479808
984 18788340662190665823115844774314696219005460391266558965658327772257672200916867547709591987078149624255479808
985 18788340662190665823115844774314696219005460391266558965658327772257672200916867547709591987078149624255479808
986 37576681324381331646231689548629392438010920782533117931316655544515344401833735095419183974156299248510959616
987 37576681324381331646231689548629392438010920782533117931316655544515344401833735095419183974156299248510959616
988 75153362648762663292463379097258784876021841565066235862633311089030688803667470190838367948312598497021919232
989 75153362648762663292463379097258784876021841565066235862633311089030688803667470190838367948312598497021919232
990 75153362648762663292463379097258784876021841565066235862633311089030688803667470190838367948312598497021919232
991 150306725297525326584926758194517569752043683130132471725266622178061377607334940381676735896625196994043838464
992 150306725297525326584926758194517569752043683130132471725266622178061377607334940381676735896625196994043838464
993 150306725297525326584926758194517569752043683130132471725266622178061377607334940381676735896625196994043838464
994 300613450595050653169853516389035139504087366260264943450533244356122755214669880763353471793250393988087676928
995 300613450595050653169853516389035139504087366260264943450533244356122755214669880763353471793250393988087676928
996 300613450595050653169853516389035139504087366260264943450533244356122755214669880763353471793250393988087676928
997 601226901190101306339707032778070279008174732520529886901066488712245510429339761526706943586500787976175353856
998 601226901190101306339707032778070279008174732520529886901066488712245510429339761526706943586500787976175353856
999 1202453802380202612679414065556140558016349465041059773802132977424491020858679523053413887173001575952350707712
1000 1202453802380202612679414065556140558016349465041059773802132977424491020858679523053413887173001575952350707712
