0 0
1 1
2 1
3 1
4 2
5 3
6 3
7 4
8 6
9 5
10 11
11 12
12 15
13 21
14 26
15 30
16 41
17 52
18 56
19 82
20 99
21 118
22 144
23 189
24 221
25 279
26 327
27 405
28 491
29 600
30 699
31 860
32 1038
33 1230
34 1470
35 1754
36 2106
37 2487
38 2970
39 3489
40 4148
41 4883
42 5779
43 6763
44 8024
45 9284
46 11006
47 12780
48 15029
49 17452
50 20405
51 23660
52 27627
53 31995
54 37191
55 42980
56 49840
57 57566
58 66521
59 76720
60 88472
61 101830
62 117150
63 134682
64 154458
65 177463
66 203205
67 232912
68 266083
69 304808
70 347484
71 397176
72 452583
73 516172
74 587112
75 669184
76 759496
77 864030
78 980479
79 1113109
80 1260992
81 1430462
82 1618034
83 1832471
84 2071275
85 2341921
86 2643668
87 2986280
88 3366683
89 3797351
90 4278343
91 4817940
92 5422006
93 6100721
94 6857418
95 7705614
96 8654975
97 9713600
98 10897761
99 12220642
100 13695983
101 15340200
102 17179290
103 19221052
104 21503484
105 24039337
106 26866699
107 30005376
108 33508174
109 37386672
110 41711978
111 46503235
112 51837130
113 57737885
114 64310170
115 71571073
116 79647443
117 88573619
118 98484595
119 109433425
120 121588237
121 134998403
122 149868660
123 166283909
124 184455541
125 204501541
126 226687844
127 251142173
128 278179916
129 307981634
130 340886303
131 377141596
132 417156625
133 461207970
134 509778364
135 563255444
136 622154258
137 686961524
138 758305565
139 836763584
140 923067281
141 1017948037
142 1122217969
143 1236806991
144 1362673326
145 1500905102
146 1652629037
147 1819226345
148 2001941521
149 2202446772
150 2422263971
151 2663350405
152 2927488011
153 3217068240
154 3534141651
155 3881577749
156 4261838381
157 4678262171
158 5133789815
159 5632446236
160 6177625285
161 6774092323
162 7425936218
163 8138746418
164 8917355422
165 9768390616
166 10697547729
167 11712616467
168 12820434830
169 14030059312
170 15349621317
171 16789796034
172 18360204887
173 20073304668
174 21940563167
175 23976563422
176 26194838603
177 28612452593
178 31245517292
179 34113825996
180 37236571799
181 40636776386
182 44337132063
183 48364513995
184 52745791600
185 57512155460
186 62695367418
187 68331823533
188 74458916970
189 81118970868
190 88356186021
191 96219599384
192 104761285765
193 114038533537
194 124112217386
195 135048980869
196 146920578141
197 159804211579
198 173784011644
199 188950013392
200 205400523114
201 223240018910
202 242583980244
203 263553494485
204 286283240878
205 310914701846
206 337604463099
207 366516664395
208 397834719137
209 431748781643
210 468472203331
211 508226520275
212 551259435110
213 597828068632
214 648221280884
215 702736730472
216 761709418426
217 825486399168
218 894455345768
219 969018226570
220 1049626202163
221 1136744660022
222 1230895328027
223 1332619688886
224 1442520537275
225 1561224956705
226 1689431949175
227 1827866703577
228 1977336628224
229 2138683982126
230 2312839852088
231 2500777815974
232 2703576009227
233 2922359512065
234 3158370478104
235 3412913155857
236 3687418447921
237 3983392337441
238 4302488027294
239 4646442510169
240 5017158824356
241 5416647411681
242 5847096634296
243 6310824192618
244 6810354218911
245 7348357458062
246 7927734697083
247 8551570118696
248 9223197169554
249 9946166046767
250 10724315026648
251 11561728008126
252 12462812147625
253 13432275367407
254 14475175189090
255 15596922403050
256 16803332370232
257 18100621406862
258 19495458560265
259 20994995283551
260 22606878124198
261 24339314654324
262 26201084315354
263 28201601433875
264 30350925058375
265 32659867200648
266 35139948849003
267 37803558898094
268 40663909332588
269 43735191450371
270 47032525697141
271 50572182098390
272 54371461266277
273 58448982151519
274 62824557449153
275 67519484817548
276 72556416035226
277 77959730451289
278 83755319077245
279 89971042308932
280 96636512942895
281 103783560034159
282 111446003080745
283 119660222405747
284 128464832119966
285 137901355641121
286 148013903752003
287 158849852880157
288 170459528249168
289 182897004887875
290 196219681907286
291 210489204106655
292 225771059025405
293 242135499912637
294 259657158905755
295 278416117986497
296 298497407610565
297 319992214120097
298 342997434434298
299 367616870976091
300 393960832675095
301 422147495675777
302 452302402396998
303 484559971915852
304 519063094950890
305 555964616788303
306 595427036732553
307 637624160754661
308 682740731125788
309 730974228268138
310 782534680476514
311 837646412637215
312 896548009911590
313 959494276095441
314 1026756166344311
315 1098622901605124
316 1175402171644227
317 1257422165356120
318 1345032055523186
319 1438604224034269
320 1538534793907292
321 1645246022539297
322 1759187244630658
323 1880837147783289
324 2010705107691211
325 2149333701080321
326 2297300214490475
327 2455219301774497
328 2623745088898584
329 2803573686780967
330 2995445892670290
331 3200149946001411
332 3418524542918886
333 3651461782094903
334 3899911020930114
335 4164881641286980
336 4447447712837781
337 4748751075134055
338 5070006564649392
339 5412505291536284
340 5777620970181550
341 6166813086866542
342 6581634334455543
343 7023734177167168
344 7494867094630882
345 7996896461328631
346 8531804304441254
347 9101695098616398
348 9708806985338606
349 10355516150615739
350 11044349257287498
351 11777988277227826
352 12559284826795544
353 13391265180751284
354 14277146509150491
355 15220342748755294
356 16224482463330462
357 17293415498939696
358 18431233364502799
359 19642276356459776
360 20931156329233268
361 22302765199029289
362 23762299971062146
363 25315272466903080
364 26967537477375076
365 28725303599000737
366 30595164536311833
367 32584111915684894
368 34699569576317067
369 36949408409242112
370 39341984671335483
371 41886156811244721
372 44591327647395347
373 47467464360116915
374 50525144680636145
375 53775579941349570
376 57230666337203129
377 60903011337341675
378 64805990020374029
379 68953776081921543
380 73361403400242881
381 78044801843176338
382 83020865290235906
383 88307492822509155
384 93923663078982582
385 99889482308108515
386 106226265785060851
387 112956592915721568
388 120104396858987703
389 127695027891695132
390 135755351380757282
391 144313820964991687
392 153400585855111430
393 163047574398415929
394 173288612163723331
395 184159517630540909
396 195698231112826721
397 207944924516527496
398 220942142986602095
399 234734929456596139
400 249370980308091067
401 264900787643483967
402 281377809401497527
403 298858631349799822
404 317403154388137112
405 337074777513433002
406 357940603966280957
407 380071649091944014
408 403543066075164753
409 428434381227191396
410 454829743281689099
411 482818187945526941
412 512493912492710222
413 543956575243125827
414 577311596960729495
415 612670497892889806
416 650151231805367347
417 689878563240650029
418 731984436286426639
419 776608399964105199
420 823898013813471176
421 874009324790249045
422 927107317785090019
423 983366447789377041
424 1042971138119428976
425 1106116378272206470
426 1173008273442513648
427 1243864711997064732
428 1318915977600866303
429 1398405491785034105
430 1482590491820466681
431 1571742862722664064
432 1666149886444763015
433 1766115167831617829
434 1871959470756256277
435 1984021745594433556
436 2102660056915308297
437 2228252731206311753
438 2361199384061894367
439 2501922194544186235
440 2650867052911638174
441 2808504971858653187
442 2975333360898990423
443 3151877599640177175
444 3338692451151381303
445 3536363804389268465
446 3745510254784607393
447 3966785030744943202
448 4200877750291046477
449 4448516564458643489
450 4710470106366206672
451 4987549862419371387
452 5280612351972522357
453 5590561745775417238
454 5918352288596651153
455 6264991208117091360
456 6631541405402646058
457 7019124667521359662
458 7428924675455509214
459 7862190549185601622
460 8320240190684224780
461 8804464217381343120
462 9316329673572541436
463 9857384372053281707
464 10429261041389730714
465 11033682112430775858
466 11672464325936334885
467 12347524038573668973
468 13060882338245173097
469 13814670896451078574
470 14611137677012075150
471 15452653387944005062
472 16341717820111291689
473 17280966993371367656
474 18273180189291780189
475 19321287830623701684
476 20428379323209162275
477 21597711738587406993
478 22832718514023120357
479 24137019065570038154
480 25514428435100243723
481 26968967886697346949
482 28504875648133627797
483 30126618588848947880
484 31838904128826626144
485 33646693159001976059
486 35555213236131453311
487 37569972824176498249
488 39696775969996038929
489 41941737996762735597
490 44311301756772068584
491 46812254992271468473
492 49451748328791345503
493 52237314409201914778
494 55176887879119683758
495 58278826473679745181
496 61551933135027189736
497 65005479327720012582
498 68649229503442028327
499 72493466800442501754
500 76549020183696401198
501 80827292768844373314
502 85340291826102492170
503 90100660092424174987
504 95121708935199699018
505 100417452862012003916
506 106002646266216625629
507 111892821463895307219
508 118104329286157675413
509 124654381114456571080
510 131561093706037004709
511 138843535526468288903
512 146521776363572816258
513 154616938392321947822
514 163151250936628608909
515 172148106884603149431
516 181632123122203459785
517 191629202706741868061
518 202166601683020285407
519 213272997610167136565
520 224978563255640326051
521 237315042275212389859
522 250315830475593459432
523 264016059215619360482
524 278452685170630606088
525 293664582238787521870
526 309692640477119713127
527 326579867564098830729
528 344371497831260021253
529 363115104055968464259
530 382860717787416334318
531 403660952528038135077
532 425571136270650307988
533 448649447429207996048
534 472957060809551285498
535 498558297347554122545
536 525520785082443300195
537 553915624102513093446
538 583817563752007320133
539 615305184571950228701
540 648461093361612812882
541 683372123546743392077
542 720129550125305747341
543 758829310331408942565
544 799572240138723267253
545 842464317535622428940
546 887616922726029780690
547 935147105962868849737
548 985177874089421914930
549 1037838485404102206651
550 1093264764781166581670
551 1151599428595161870565
552 1212992431257979885588
553 1277601322812215664779
554 1345591630321946826763
555 1417137251409600473375
556 1492420873511329012898
557 1571634407300959538632
558 1654979447542202621261
559 1742667749913938999724
560 1834921737931743305766
561 1931975027498178268023
562 2034072983915774873438
563 2141473299299772968847
564 2254446604618727172671
565 2373277104656846111845
566 2498263250900823641348
567 2629718439755195428422
568 2767971751648040355425
569 2913368719194721759480
570 3066272139006920580272
571 3227062916061175983905
572 3396140955792271969415
573 3573926092169092656137
574 3760859067226650127582
575 3957402551562111328868
576 4164042219837929404345
577 4381287872019022192513
578 4609674614713105729898
579 4849764093014299115657
580 5102145787172305930746
581 5367438366391249615553
582 5646291112046455371253
583 5939385404453811993074
584 6247436285487973778465
585 6571194091269156121851
586 6911446166767044216922
587 7269018659167434246304
588 7644778399168094132792
589 8039634869621871748817
590 8454542270254602395132
591 8890501678537301483159
592 9348563314465885863985
593 9829828912874381119341
594 10335454207573076212117
595 10866651534332892099187
596 11424692556155652511156
597 12010911119142142048300
598 12626706240848692004215
599 13273545244019757375826
600 13952967033265678178416
601 14666585532008259977355
602 15416093275838068120596
603 16203265181673963300453
604 17029962486701642266029
605 17898136882237178264573
606 18809834831276291439470
607 19767202100346188527595
608 20772488492514284387492
609 21828052815146549055693
610 22936368066389124622603
611 24100026880999792447645
612 25321747213417892023087
613 26604378305368019490750
614 27950906913489706735186
615 29364463848098736615383
616 30848330795192157610858
617 32405947481218458391981
618 34040919145732995165165
619 35757024389351027632474
620 37558223359337704412168
621 39448666345146120041671
622 41432702742257340601670
623 43514890466401515405770
624 45700005768954439684413
625 47993053544655796059569
626 50399278079507891076194
627 52924174335748207072735
628 55573499717549824553935
629 58353286425600293362792
630 61269854336084363818137
631 64329824522441758359471
632 67540133352629370784273
633 70908047287014522983725
634 74441178305378596828743
635 78147500100580240616729
636 82035364959342286258841
637 86113521478998091763391
638 90391133038326039079844
639 94877797178802261302170
640 99583565810618379062324
641 104518966413587519922365
642 109695024139605365559770
643 115123284998760027581736
644 120815840034736617438733
645 126785350679771656164363
646 133045075191998873445679
647 139608896380036136763959
648 146491350511324311161931
649 153707657621740745993524
650 161273753123649636722787
651 169206320938400981449161
652 177522828049584571995394
653 186241560718396469307984
654 195381662253225476844331
655 204963172587353585091250
656 215007069560633735536789
657 225535312167791006735034
658 236570885670929395230883
659 248137848854488443238499
660 260261383319400644214360
661 272967845107252237346343
662 286284818558766180071169
663 300241172705736473493276
664 314867120106765792222210
665 330194278441468685014065
666 346255734777408459438456
667 363086112835913144789219
668 380721643184304329042033
669 399200236688828641883556
670 418561561166923378538540
671 438847121588017769250693
672 460100343772173540571247
673 482366661946143361061606
674 505693610126460550434281
675 530130917696166041171809
676 555730609163451227254132
677 582547108482932074944184
678 610637347946889559396509
679 640060882035659459228452
680 670880006264167239438961
681 703159881420220959092345
682 736968663259155956296903
683 772377638062932037371473
684 809461364158866004109494
685 848297819812559573237965
686 888968557631122587547588
687 931558865896664804421521
688 976157937005320763666969
689 1022859043443448799476939
690 1071759721520178737611356
691 1122961963292036784491679
692 1176572416954118414860048
693 1232702596138689341970521
694 1291469098448912644255738
695 1352993833678408220881733
696 1417404262105898569830216
697 1484833643318020099667899
698 1555421296021296599895408
699 1629312869302067270435963
700 1706660625865547990536682
701 1787623737722710612271227
702 1872368594938008103323923
703 1961069127907300853323585
704 2053907143871562215378079
705 2151072678143688641593317
706 2252764360844205513387960
707 2359189799633604002889070
708 2470565979343859761066589
709 2587119678998466207965419
710 2709087907239236648437089
711 2836718356661794878248906
712 2970269878192393612039658
713 3110012976021630773242006
714 3256230324363823713221865
715 3409217306561328704253840
716 3569282577946526878123109
717 3736748653002432562268780
718 3911952518376279140028357
719 4095246272307249941048142
720 4286997792193391605774953
721 4487591430869761041632301
722 4697428743498717548034710
723 4916929245679692564924757
724 5146531204853865372962854
725 5386692465643092918667957
726 5637891311409361942711108
727 5900627362697051987506381
728 6175422515057248562379969
729 6462821916974281721240494
730 6763394990604802970349702
731 7077736496100395565349440
732 7406467642482286690139465
733 7750237245882022280614849
734 8109722938372922293443202
735 8485632428295083445659863
736 8878704815553510980567435
737 9289711962871887543653903
738 9719459926794087649899479
739 10168790449489720441138833
740 10638582515461140079545992
741 11129753974343065288436869
742 11643263234196900090607450
743 12180111026611403674251628
744 12741342248389152742469842
745 13328047881248552352033407
746 13941366994683581769543085
747 14582488833608550943481397
748 15252654996292568310416421
749 15953161704390631597179427
750 16685362171027946239261616
751 17450669068925271483822883
752 18250557104951845409604017
753 19086565703375766585013842
754 19960301804629844330701929
755 20873442782122046323343331
756 21827739484448950757369805
757 22825019405808860651913259
758 23867189992481202624199249
759 24956242088564853863354571
760 26094253529353981621658600
761 27283392885910538044494956
762 28525923369859045917948883
763 29824206902344997343998220
764 31180708356785779077130915
765 32597999979898535816723203
766 34078766001244224440740874
767 35625807436281530651870950
768 37242047093942390122022301
769 38930534794258729841432705
770 40694452807769113321070500
771 42537121522970305554621573
772 44462005354271937303953212
773 46472718897411967812149432
774 48573033345720372454241870
775 50766883174923027865625469
776 53058373110729500655717997
777 55451785387877644233618034
778 57951587315755646919356180
779 60562439160207053974353915
780 63289202357757312141027601
781 66136948072856713822751933
782 69110966115410453602830754
783 72216774230482643690541857
784 75460127778507205581486056
785 78847029819127159076152538
786 82383741618350592422053591
787 86076793593462443219257390
788 89932996716628830269374869
789 93959454393317296442620755
790 98163574837767324487801892
791 102553083963254351318211694
792 107136038811032940229113481
793 111920841537429455316411883
794 116916253984499566161961864
795 122131412855897496894682512
796 127575845524966383593123329
797 133259486498799575959850491
798 139192694567307913558260564
799 145386270663291565992079258
800 151851476464434749142649884
801 158600053766006042654260658
802 165644244657166536771008234
803 172996812532374218116064357
804 180671063973288162756073110
805 188680871535553104025040933
806 197040697478211986775875430
807 205765618473672776219925642
808 214871351338452340166604092
809 224374279826080184886959177
810 234291482525494024852835145
811 244640761910010465723389197
812 255440674583136824740128941
813 266710562770781803659881501
814 278470587109255673575396271
815 290741760783007528795621162
816 303545985065369861945651444
817 316906086320955538134390503
818 330845854526677659599638956
819 345390083375669721932814442
820 360564612025028096601947975
821 376396368557190423397071923
822 392913415220751080678940244
823 410144995526460658146835974
824 428121583268896807327837140
825 446874933556597330909488473
826 466438135926173618027286837
827 486845669630162053445964502
828 508133461180269720675566239
829 530338944243229332270657485
830 553501121976887418500207452
831 577660631912525986227882640
832 602859813477461370070321225
833 629142778272630336822474728
834 656555483206977972452324360
835 685145806612701812287838376
836 714963627450769437232172818
837 746060907741683643464422190
838 778491778339123258389155634
839 812312628192317519375879239
840 847582197224613994042291595
841 884361672985756857829426232
842 922714791215061431100626019
843 962707940486546640032765753
844 1004410271083716676421493368
845 1047893808288596254804040631
846 1093233570245185718899355302
847 1140507690596477449445834185
848 1189797546067616460901142716
849 1241187889211112061770366051
850 1294766986500138664735314706
851 1350626762002672524880377622
852 1408862946838323809518220945
853 1469575234668672253194899297
854 1532867443438851387292581405
855 1598847683641928165421970837
856 1667628533341017569640240758
857 1739327220241584118756229696
858 1814065811068938846644452967
859 1891971408565834301250235857
860 1973176356385438359291429819
861 2057818452220196119980377505
862 2146041169463847938265741903
863 2237993887773048570892956610
864 2333832132851285567091725661
865 2433717825849395383920209828
866 2537819542731230605606458179
867 2646312784030428592920234135
868 2759380255374850124303415169
869 2877212159236796641662595499
870 3000006498317783284286041595
871 3127969391060540071954332441
872 3261315399729930620341921191
873 3400267871594525072994509936
874 3545059293686202664565915145
875 3695931661709408475345093008
876 3853136863618139374265224801
877 4016937078475162596519729281
878 4187605191153358605966584996
879 4365425223541976970554690218
880 4550692782863003950571479375
881 4743715527809883538468995340
882 4944813653165190047601848870
883 5154320393662706324152421057
884 5372582547803511687697509723
885 5599961022451201180687570517
886 5836831398973263994045345161
887 6083584521815131461995627278
888 6340627110338662835843264653
889 6608382394877624859467451577
890 6887290777909006927523802715
891 7177810521366528235440366780
892 7480418461067788213775086002
893 7795610749357591114196280826
894 8123903627020358160150330245
895 8465834225646203239358299908
896 8821961401588218082728638131
897 9192866602786888505961717878
898 9579154769690787015841170277
899 9981455271644114637777337807
900 10400422880072506931381533180
901 10836738779939591617578548764
902 11291111620912354925052653361
903 11764278609820944573322728333
904 12257006645966271807939856977
905 12770093500978660253359236103
906 13304369044909097721180489734
907 13860696520383089726247527335
908 14439973866632669434946326100
909 15043135095376809759317399496
910 15671151720510657994043199776
911 16325034243720111349468903327
912 17005833698142573005002681458
913 17714643252348031255822806933
914 18452599876929431427435913816
915 19220886076150477577503681701
916 20020731687121419889955319900
917 20853415749132970437516524236
918 21720268445819306985504018149
919 22622673122976503331338758309
920 23562068384917852810191514143
921 24539950272408361491787143722
922 25557874525287162556780252212
923 26617458933046672518590693186
924 27720385776727235239866746913
925 28868404365640305562371901032
926 30063333672542042079201728929
927 31307065071038594034042309511
928 32601565179128856687324165016
929 33948878812948056208829496867
930 35351132054929381809973997739
931 36810535440751139029508679887
932 38329387269615045609389012978
933 39910077042556366441515361186
934 41555089033685669092293036430
935 43267005999414216784766920888
936 45048513030950208441716967741
937 46902401555496656534065443026
938 48831573491847337761368073329
939 50839045566225787905342785228
940 52927953794504911734101775476
941 55101558137089695957715988521
942 57363247333082103726640114561
943 59716543920482336747760451196
944 62165109449554879464025308906
945 64712749896628344955704566493
946 67363421286006286249387785921
947 70121235527802942405702953567
948 72990466479978777852093027165
949 75975556242977203048988769340
950 79081121695870500514945207981
951 82311961283056308531867023989
952 85673062061094596319071862674
953 89169607015405014094032737781
954 92806982657155858162453893325
955 96590786910795904481903894244
956 100526837303346575665822270394
957 104621179466701217219199157731
958 108880095964895358230072802242
959 113310115458439443654873275898
960 117918022218596569671014928547
961 122710866004606952797746214805
962 127695972317717130221877376794
963 132880953046004205040507123892
964 138273717514902870158993195631
965 143882483958476722359794351165
966 149715791427479102432706083789
967 155782512150377484127644994865
968 162091864364595797621792689593
969 168653425635376949724529418417
970 175477146680820742203847291533
971 182573365721806882951209133366
972 189952823376766056801523370367
973 197626678121417000192566757281
974 205606522334930287557224140580
975 213904398954162134224885944027
976 222532818759029685774005826531
977 231504778312296564534823871074
978 240833778578581141627465207951
979 250533844247606508693564311830
980 260619543788358666134814746089
981 271106010261065357702553637908
982 282008962915655429354118440105
983 293344729605630538975050886185
984 305130270048161347560948784861
985 317383199961513906625049378897
986 330121816112911939471728174930
987 343365122310289956286853037741
988 357132856373508269097960191162
989 371445518120992248071730573393
990 386324398410026153560302049993
991 401791609269362038740174821956
992 417870115165210138263198509534
993 434583765442184197750084843914
994 451957327983315696335954355902
995 470016524133821463241533877978
996 488788064936023074132559313791
997 508299688723449375148830555735
998 528580200125025366465878251968
999 549659510530988492492607252383
1000 571568680075201206198676531945
