king 1 1 1
king 2 1 4 0
king 3 1 9 16 8
king 4 1 16 78 140 79
king 5 1 25 228 964 1987 1974
king 6 1 36 520 3920 16834 42368 62266
king 7 1 49 1020 11860 85275 397014 1220298 2484382
king 8 1 64 1806 29708 317471 2326320 12033330 44601420 119138166
king 9 1 81 2968 65240 962089 10087628 77784658
king 10 1 100 4608 129984 2515262 35464464 377818258
king 11 1 121 6840 240240 5882109 106783320 1492665418
king 12 1 144 9790 418220 12605095 285336128 5042436754
king 13 1 169 13596 693308 25175191 693331146 15062292834
knight 1 1 1
knight 2 1 4 6
knight 3 1 9 28 36
knight 4 1 16 96 276 412
knight 5 1 25 252 1360 4436 9386
knight 6 1 36 550 4752 26133 97580 257318
knight 7 1 49 1056 13340 111066 649476 2774728 8891854
knight 8 1 64 1848 32084 376560 3184708 20202298 98796304 379978716
knight 9 1 81 3016 68796 1080942 12472084 110018552
knight 10 1 100 4662 135040 2732909 41199404 481719518
knight 11 1 121 6900 247152 6253408 119171110 1781124856
knight 12 1 144 9856 427380 13204356 309957412 5756568738
knight 13 1 169 13668 705144 26100160 739123094 16676946372
